922 2681
291 707
95 686
79 608
687 156
467 57
216 589
487 593
435 160
682 854
740 160
868 125
300 879
335 557
618 75
267 773
90 864
58 796
240 604
901 590
346 281
545 39
410 775
381 859
37 158
393 387
446 769
895 177
393 646
229 861
323 280
513 181
513 888
385 314
521 486
388 273
544 71
196 279
602 830
402 484
777 633
155 829
870 211
177 258
804 851
664 624
317 887
356 438
132 426
437 263
704 853
119 735
282 65
175 67
324 622
56 591
558 366
83 23
272 672
550 553
536 754
920 668
470 306
346 139
199 735
793 653
60 570
404 367
209 241
626 30
293 529
274 581
495 565
828 681
901 230
451 134
640 452
110 175
275 692
419 827
792 319
922 24
463 440
302 656
140 416
370 786
697 390
844 198
294 729
390 792
673 842
230 108
548 542
201 807
810 271
386 915
664 239
867 781
743 844
324 694
716 132
718 751
511 343
464 440
250 463
377 170
654 528
71 559
420 659
791 811
116 436
575 720
245 328
172 536
692 860
626 95
827 162
264 387
799 200
819 518
536 453
31 483
803 26
539 410
886 312
407 202
766 777
511 603
735 118
93 727
441 865
745 581
193 702
554 267
426 752
463 661
652 6
157 608
394 175
749 818
117 344
457 447
645 572
9 332
707 101
543 188
838 594
161 25
415 498
753 637
813 19
441 326
23 233
157 386
820 710
920 841
560 582
172 372
245 346
651 747
205 7
407 506
337 919
525 265
433 667
291 856
478 806
868 808
353 698
63 14
28 124
484 622
875 733
514 823
343 451
680 563
40 914
180 18
650 864
413 427
742 592
601 540
619 141
730 591
584 334
768 149
806 509
209 511
104 798
786 777
94 889
518 336
352 23
151 921
44 309
248 104
548 266
415 339
17 160
626 782
241 801
737 689
225 392
776 872
390 919
746 58
618 887
625 17
218 409
592 785
349 124
760 114
372 821
782 632
622 141
753 354
546 849
281 117
265 519
601 918
856 394
305 79
894 155
126 556
899 246
261 684
687 127
134 917
840 339
131 474
545 856
446 794
50 620
311 733
751 399
297 458
195 809
448 485
453 456
363 687
473 483
770 155
57 663
223 331
560 619
530 792
260 596
395 522
573 12
534 732
819 619
155 757
278 288
547 744
417 360
921 770
820 137
221 167
636 901
359 803
237 568
134 419
240 688
107 238
365 223
684 886
663 306
409 542
328 53
594 208
759 757
685 754
123 322
693 231
676 353
623 529
114 515
517 183
889 50
157 362
726 337
826 126
534 872
398 95
305 224
321 338
409 456
1 662
751 887
702 169
12 640
8 437
564 605
670 464
393 59
908 257
219 178
801 7
731 905
95 875
424 99
869 779
252 169
587 214
590 65
738 86
866 3
722 658
708 244
322 260
894 6
912 785
805 228
2 828
921 868
477 19
65 686
281 371
216 633
913 248
273 534
806 440
127 514
443 28
723 267
890 69
725 115
62 693
21 73
110 339
184 443
793 377
154 287
797 204
859 517
181 236
825 259
314 601
96 412
699 489
870 909
66 233
841 899
336 418
224 326
59 625
800 649
599 123
178 395
568 458
548 518
131 2
704 564
356 164
108 18
254 497
643 297
368 175
756 885
28 371
214 500
643 182
76 800
266 792
865 3
207 140
281 688
818 726
711 161
824 721
238 800
281 801
191 697
468 18
182 145
664 169
699 695
539 666
867 643
209 906
304 702
393 264
15 799
161 879
495 871
593 812
814 436
230 655
177 623
354 629
815 736
374 37
914 188
238 532
54 712
281 503
263 195
361 366
791 887
43 800
797 801
69 379
588 649
354 198
154 411
559 695
423 275
875 770
642 161
879 129
534 499
111 235
313 160
234 910
723 771
334 537
15 497
273 754
73 749
436 407
274 278
95 139
614 491
478 916
869 717
675 136
489 381
147 483
348 416
521 165
461 692
26 262
727 697
599 356
505 29
584 515
108 884
586 235
1 716
534 27
919 40
326 496
254 146
875 763
307 534
569 367
646 37
868 298
124 779
506 698
551 295
420 827
316 591
212 848
344 554
878 61
535 868
57 797
115 873
387 67
344 303
141 539
424 818
313 500
411 899
237 727
364 430
882 217
132 837
425 424
225 475
522 595
176 764
212 349
303 459
195 905
487 639
576 821
850 372
759 338
372 397
122 917
523 845
344 103
767 201
130 798
419 907
12 802
20 28
527 457
92 183
38 14
612 797
719 598
874 906
601 850
620 556
605 874
680 489
598 194
834 696
875 646
306 362
73 77
516 457
203 427
248 560
500 39
691 494
402 340
31 283
604 564
609 252
43 794
596 644
9 505
800 310
415 359
391 408
908 761
884 414
817 449
183 72
128 771
348 825
804 63
60 440
78 508
887 13
31 745
696 891
395 741
533 221
480 80
546 344
824 618
270 189
571 320
412 453
397 79
849 550
760 828
355 55
908 844
894 651
689 635
360 89
571 635
398 709
537 114
738 565
722 78
613 525
102 355
176 54
508 718
548 739
592 504
168 325
900 655
81 548
256 545
858 62
379 398
876 397
536 421
612 743
57 748
849 226
685 892
12 349
684 802
261 714
264 695
745 367
600 614
26 884
380 131
660 384
823 84
439 245
496 538
652 215
729 9
200 632
220 318
221 168
768 351
777 200
372 481
653 816
507 330
270 143
311 801
402 758
205 756
545 128
177 403
567 369
701 490
24 314
791 450
594 20
101 889
560 884
344 385
71 54
698 198
733 666
239 751
311 178
574 646
591 748
425 64
61 423
615 271
909 302
640 440
437 382
537 237
370 733
176 880
318 211
571 589
692 452
604 211
823 883
920 711
299 63
510 272
222 286
81 816
78 866
193 52
621 513
307 585
914 569
75 639
912 468
888 837
802 694
139 118
415 546
519 631
285 819
179 602
474 387
679 530
920 25
703 822
690 370
286 676
286 377
714 534
750 375
716 72
882 800
593 659
596 534
869 107
265 835
358 351
30 435
402 275
663 111
171 143
493 891
123 246
451 517
674 679
531 274
1 470
224 718
65 817
135 306
727 188
587 660
531 387
438 188
370 917
354 273
228 157
304 619
565 826
623 419
787 602
609 411
224 434
371 120
760 718
875 696
622 873
885 52
833 483
794 721
724 229
377 67
306 394
180 237
381 369
258 414
57 862
645 843
423 108
171 479
742 449
781 922
817 644
572 219
458 346
303 653
35 355
239 515
558 510
722 36
525 124
160 319
27 783
660 274
40 773
78 604
137 763
751 895
811 672
335 455
152 893
530 350
307 350
881 50
383 518
67 778
246 682
640 279
45 836
357 8
641 600
869 379
137 764
104 170
634 750
3 484
631 210
881 306
600 424
12 366
125 467
788 834
792 612
759 707
869 399
436 233
107 498
431 817
593 520
705 441
618 528
361 808
198 149
678 131
144 66
833 828
8 476
65 797
248 43
362 381
768 502
651 297
635 172
490 821
374 814
585 61
362 277
310 70
587 52
802 806
341 410
824 263
679 209
499 325
634 264
817 227
11 180
358 184
106 378
402 619
845 213
168 260
276 621
537 538
7 192
217 536
309 40
754 615
647 496
364 552
788 58
241 307
170 903
427 799
140 696
3 317
371 407
46 566
836 407
395 20
380 590
190 917
705 383
920 575
210 704
502 154
585 916
602 538
21 226
733 255
535 567
627 526
884 380
259 360
409 206
12 823
876 284
513 894
805 675
382 636
595 509
17 756
94 490
7 363
779 217
121 310
86 725
416 449
613 62
36 265
556 139
22 827
441 549
212 510
378 200
359 30
473 257
769 224
602 347
836 339
716 346
407 798
20 289
524 260
529 666
163 81
241 452
907 565
722 141
868 252
651 606
89 678
180 222
220 508
406 552
852 584
432 13
742 584
250 255
36 391
126 370
789 890
722 431
246 474
379 141
169 101
427 915
466 106
907 592
140 564
687 853
482 607
2 258
596 894
192 588
655 584
896 41
94 786
916 593
80 906
5 478
174 575
285 51
340 917
521 810
740 857
407 207
375 140
33 640
696 885
87 679
271 698
493 65
4 860
859 368
771 329
3 422
866 642
106 686
837 3
532 313
128 474
793 562
774 65
761 691
850 731
501 360
530 733
197 442
473 645
223 448
207 570
785 650
719 288
475 441
330 364
136 211
725 42
838 204
678 208
129 340
717 875
594 429
390 349
872 236
234 700
818 280
658 347
659 78
362 871
223 298
278 189
81 407
842 388
18 77
352 911
631 11
362 846
697 737
699 286
739 122
595 788
83 766
742 558
528 486
857 304
433 102
176 589
917 316
339 268
105 369
354 680
415 163
880 147
535 527
811 368
277 366
28 912
216 198
439 483
422 409
243 89
634 465
228 472
598 203
842 639
664 296
60 318
743 230
484 817
431 266
686 188
498 8
65 222
711 756
736 602
310 406
592 201
848 286
421 716
498 548
179 451
571 63
21 82
98 871
228 906
411 673
491 450
580 499
646 830
561 259
390 695
800 302
477 879
52 657
550 432
516 224
754 599
365 897
847 726
101 304
427 5
744 577
908 890
181 62
900 153
205 381
189 515
306 704
36 28
551 352
833 528
582 3
198 183
129 202
705 1
796 677
191 299
583 725
587 526
257 560
719 650
574 136
9 285
669 535
66 131
47 423
656 628
434 351
415 158
167 387
452 145
536 89
402 272
39 581
243 611
597 742
240 853
782 584
35 654
310 130
112 901
243 221
813 334
688 387
121 697
909 891
416 401
87 387
702 531
60 186
685 148
64 61
7 887
392 47
840 323
921 836
900 143
223 80
47 285
109 286
76 169
721 164
813 310
714 397
178 791
43 378
246 712
800 265
790 404
814 286
585 9
144 567
126 107
113 150
41 433
791 58
757 267
559 462
304 498
140 72
509 541
32 779
659 748
917 838
224 733
389 222
319 198
315 9
747 523
894 334
94 407
222 881
77 16
204 664
56 704
346 83
153 449
663 4
538 920
520 675
797 424
490 563
271 508
517 758
795 651
118 43
449 896
763 745
213 274
446 889
895 508
626 576
682 779
920 199
225 653
65 720
670 829
602 34
622 492
252 788
511 57
39 267
683 690
740 545
890 812
523 582
250 309
272 388
856 563
208 87
304 480
213 528
877 883
685 795
88 18
685 470
724 140
817 700
50 258
290 532
112 87
665 329
793 320
703 717
150 711
620 611
619 667
549 835
785 78
107 870
308 432
591 77
38 255
285 896
626 486
682 20
885 465
767 70
489 571
400 906
40 876
794 214
281 492
319 364
231 418
548 803
493 425
886 62
525 503
268 910
382 386
203 540
256 530
184 186
371 738
561 419
781 584
366 43
143 165
371 659
501 704
905 719
321 378
195 321
108 550
623 572
110 44
795 465
439 32
884 230
152 833
368 460
621 171
586 552
756 472
226 680
906 518
338 68
619 918
190 605
718 878
553 435
852 240
908 770
232 35
570 530
735 837
21 733
146 884
165 119
62 380
210 157
543 696
324 610
282 827
896 173
167 654
71 722
851 22
641 865
487 354
588 245
551 451
766 722
756 771
418 850
561 522
400 411
757 134
279 743
836 224
401 444
606 526
475 24
760 261
280 463
541 459
267 820
858 4
915 55
644 415
203 249
58 147
593 305
17 381
93 800
205 678
478 874
673 362
451 679
328 79
476 764
685 109
861 625
852 117
378 67
392 323
18 295
419 489
888 321
796 135
28 742
268 181
253 412
897 803
683 94
355 256
869 242
889 857
447 657
909 497
362 494
155 620
442 454
319 573
244 286
555 188
120 248
535 690
330 354
844 731
485 556
33 187
590 449
170 500
264 113
395 620
106 28
306 1
392 320
376 325
229 237
434 861
751 445
163 755
167 43
278 481
650 694
652 662
235 836
45 337
726 169
30 63
123 651
784 463
246 488
626 904
537 137
835 822
841 437
696 91
896 56
606 119
305 808
900 173
612 346
778 52
853 710
245 611
538 461
499 851
134 892
103 56
125 197
694 787
348 494
651 402
409 35
211 491
304 263
712 89
750 753
752 495
754 153
874 421
301 625
419 762
4 532
24 309
793 425
712 290
45 726
858 193
770 32
385 687
482 579
45 90
303 489
726 876
346 194
111 509
60 609
587 166
394 348
16 332
807 527
127 565
710 125
520 641
10 371
265 855
518 3
295 342
758 223
193 162
156 462
432 176
513 684
292 207
386 148
921 66
360 871
70 566
415 3
807 546
499 639
317 391
654 371
730 570
71 487
239 641
441 914
386 438
439 747
177 283
36 426
185 427
738 732
150 438
922 407
778 432
682 58
525 538
491 442
202 187
19 918
792 801
158 667
324 380
141 866
346 769
202 10
556 71
43 867
446 380
303 221
92 717
367 368
580 263
709 799
85 21
413 872
218 61
827 422
612 461
188 258
617 318
198 730
860 166
238 374
898 391
492 556
519 53
854 588
599 182
349 172
454 899
857 27
149 522
741 502
172 490
447 789
193 848
750 177
74 75
311 703
648 225
369 701
652 729
5 237
162 419
186 614
341 826
240 379
760 324
504 208
299 151
118 73
8 815
657 151
682 604
441 74
78 714
502 557
139 232
3 178
540 910
194 728
715 176
865 515
257 406
238 183
10 685
173 143
232 853
121 729
675 232
381 706
867 218
795 105
120 565
622 31
521 22
280 207
67 9
253 600
650 736
723 872
606 55
194 329
749 580
715 764
533 349
773 334
97 37
117 170
673 106
712 505
535 755
260 422
174 857
47 921
269 140
786 657
514 522
879 6
108 158
792 694
885 294
356 65
694 372
492 206
106 309
635 6
428 581
216 579
179 44
258 603
337 281
285 893
819 870
880 899
664 282
389 372
339 342
257 477
624 558
34 101
381 779
347 150
648 761
559 119
122 256
269 333
532 75
740 670
366 33
107 774
903 522
212 324
675 763
323 302
50 584
859 224
454 467
631 730
884 803
116 767
124 872
835 597
870 123
587 730
737 605
129 746
442 237
831 256
118 85
542 262
877 909
551 897
555 895
846 199
429 871
713 140
89 15
509 473
903 297
865 702
448 339
4 32
632 883
659 918
671 50
804 527
352 16
439 35
170 142
724 584
564 338
693 114
895 863
159 842
794 65
246 300
155 210
442 633
701 558
637 656
358 548
739 202
798 238
557 837
62 381
444 680
175 509
910 15
364 688
553 370
127 547
60 552
775 578
781 663
802 338
508 541
509 895
20 395
39 345
315 103
560 123
65 691
389 757
28 768
125 847
384 865
251 332
60 653
493 775
527 747
596 5
335 83
766 685
878 81
915 201
95 27
522 336
170 774
428 371
255 599
610 239
722 819
370 533
574 274
747 866
134 37
733 45
762 463
139 170
362 358
822 214
169 841
295 114
818 444
320 299
891 36
251 325
786 639
15 339
679 279
394 790
580 326
794 302
325 18
165 697
79 39
272 646
848 234
168 823
596 888
351 900
10 6
732 254
587 579
415 812
34 896
290 502
517 597
41 383
574 484
116 516
905 198
429 278
379 663
697 177
419 256
917 1
648 160
405 290
408 47
797 406
458 206
170 457
804 504
609 331
422 560
237 605
729 737
249 785
654 229
860 681
900 365
810 824
779 884
45 488
836 501
530 840
217 54
734 525
340 438
754 247
538 501
448 40
208 735
780 282
916 412
442 433
740 248
371 631
580 527
75 763
189 90
62 802
873 87
601 122
876 253
468 508
732 833
94 534
200 732
153 92
65 671
302 529
103 224
122 305
503 257
639 244
680 901
165 136
149 718
921 413
278 505
23 656
584 331
359 141
452 206
855 539
63 483
490 642
717 471
869 226
380 468
609 551
237 360
550 504
212 186
782 145
225 49
922 386
192 881
122 581
358 312
866 241
261 798
636 181
617 608
48 490
555 215
89 165
769 398
401 289
664 559
890 772
197 861
496 645
230 644
906 679
563 612
301 684
9 646
356 555
895 477
491 779
221 755
776 565
483 606
392 84
835 671
87 64
343 655
401 282
665 227
525 460
275 497
144 708
568 806
435 881
783 753
10 814
891 427
749 607
500 527
350 198
349 317
537 74
884 762
723 649
467 327
855 374
692 705
624 279
711 823
449 294
850 458
639 895
469 83
916 89
224 697
160 913
715 379
57 15
426 611
886 480
797 475
376 798
673 280
289 236
803 432
71 182
456 400
883 523
758 857
483 588
728 167
395 255
97 840
277 255
523 597
102 606
826 654
168 919
616 310
338 325
175 458
286 246
843 65
58 708
114 575
744 197
746 745
781 267
268 674
875 586
176 244
534 315
604 553
776 149
868 46
763 842
412 20
802 227
834 688
30 609
485 715
16 894
753 107
840 531
519 211
171 666
797 429
51 567
317 344
279 369
815 244
88 474
587 566
142 493
97 412
460 669
9 421
102 143
391 695
412 19
909 875
698 910
515 188
888 571
544 884
76 511
28 35
397 853
527 11
90 638
767 170
751 50
384 830
549 620
563 479
513 172
270 350
346 573
41 457
26 104
561 152
615 293
582 109
289 352
92 505
57 695
426 805
437 359
355 556
546 722
907 904
33 304
783 21
515 894
218 866
424 851
131 105
616 156
580 469
601 872
738 44
512 176
628 505
591 247
619 513
889 88
262 810
690 817
77 69
236 196
682 865
334 841
578 251
68 307
345 461
661 82
97 183
320 907
193 883
662 63
684 675
426 703
61 241
137 379
122 852
913 349
56 773
127 687
659 660
845 833
633 353
800 184
51 443
271 715
312 408
148 6
646 781
724 335
894 169
80 756
841 32
239 505
738 424
5 487
11 573
196 631
819 601
155 102
660 8
419 359
276 484
667 214
371 661
314 719
621 717
896 313
91 431
36 484
113 257
149 776
115 37
772 709
524 273
593 436
760 205
666 21
156 221
780 634
892 215
322 702
234 115
292 919
281 162
168 815
88 810
915 671
552 291
199 629
144 108
663 42
702 398
837 334
581 433
59 834
225 139
529 665
659 198
915 48
58 800
133 147
64 678
797 172
907 481
855 431
253 377
55 120
772 799
60 568
190 282
654 307
363 393
290 171
56 794
623 906
461 583
266 128
450 110
433 238
109 822
570 860
542 489
750 731
712 142
95 850
720 804
699 920
60 906
44 230
63 17
819 505
587 302
701 314
647 162
632 468
190 236
412 363
909 611
752 681
289 173
901 571
548 743
187 73
383 602
782 737
768 317
19 552
28 791
267 489
324 699
362 626
364 274
366 545
314 497
546 36
468 272
290 358
405 289
299 508
504 559
391 540
360 691
417 755
273 729
294 204
94 132
208 365
298 60
741 232
299 269
176 838
872 407
364 250
2 405
19 561
256 909
369 193
138 532
181 517
603 389
821 748
200 400
294 915
424 206
575 486
206 650
12 839
508 860
382 893
626 314
754 784
810 181
496 736
170 219
248 716
672 62
251 617
892 473
881 261
827 833
848 74
576 79
353 279
354 415
335 222
318 34
732 834
860 372
610 249
784 181
559 177
389 322
248 426
133 629
636 581
95 335
603 580
486 376
416 351
373 369
413 530
790 223
280 532
838 797
660 372
424 585
510 426
659 897
588 840
517 574
735 907
559 185
253 235
714 335
435 431
272 891
369 313
576 191
101 311
319 554
881 787
661 352
864 596
538 800
775 518
372 811
486 450
269 210
415 119
219 197
511 628
149 839
462 185
797 891
100 157
542 460
232 344
437 784
89 287
474 576
182 305
31 921
827 371
207 764
462 847
67 38
786 350
899 590
722 502
615 186
249 517
450 670
768 653
843 659
327 196
735 219
316 654
872 541
191 661
365 418
260 453
886 204
744 427
892 168
287 54
548 876
200 317
721 570
3 391
460 713
106 477
598 419
141 98
509 83
471 434
755 871
23 130
413 877
107 600
255 350
535 39
540 613
321 313
196 776
323 471
572 483
112 508
887 865
415 10
326 14
20 730
919 901
540 590
131 707
776 375
463 889
375 392
396 741
199 94
94 756
81 496
227 401
445 58
637 805
51 159
418 595
402 834
668 425
206 536
101 760
907 64
487 906
221 793
717 767
166 335
469 406
275 347
821 428
179 865
455 489
520 851
244 461
404 300
226 284
203 476
103 397
158 375
489 9
441 801
526 514
748 835
107 400
59 664
43 383
231 292
801 549
343 878
577 513
852 539
796 888
712 205
415 676
368 515
76 332
296 543
66 716
431 9
311 146
421 638
209 326
906 356
765 884
701 663
906 609
407 97
671 803
720 140
893 58
190 656
238 810
210 728
856 460
197 494
567 227
533 831
18 723
130 588
331 213
72 659
332 362
650 54
601 732
708 733
161 630
74 868
723 219
135 825
799 342
676 227
141 819
368 851
446 134
439 562
461 651
599 351
760 527
767 356
914 366
286 705
275 366
629 323
445 546
382 664
181 24
428 583
798 578
878 502
265 102
35 687
380 319
537 356
352 569
100 273
890 41
658 260
857 800
307 259
843 341
776 687
872 900
561 66
302 593
431 439
125 488
199 646
700 425
367 415
732 691
319 120
197 97
566 673
751 261
847 647
149 185
499 188
800 756
891 888
689 301
799 213
68 830
310 418
55 720
891 28
121 102
914 413
491 140
457 100
570 413
780 281
512 330
898 635
8 462
101 663
192 405
582 329
338 331
700 456
3 479
206 250
262 312
801 843
806 901
861 269
111 246
408 220
570 99
728 379
232 480
394 83
322 833
73 93
661 136
758 427
445 474
730 530
160 342
659 530
790 27
651 918
377 109
140 319
640 746
792 96
810 387
425 679
302 122
835 66
66 691
711 687
33 76
842 902
4 16
613 398
99 146
212 339
417 736
162 494
788 187
517 478
739 66
226 444
356 325
231 632
414 168
435 293
679 638
206 341
269 828
852 784
485 253
639 330
388 918
604 869
799 779
541 275
51 324
704 819
444 156
9 790
769 828
628 786
595 715
546 807
131 591
620 244
639 168
845 431
114 580
631 354
10 807
853 479
711 17
202 227
662 96
522 869
279 101
172 686
776 508
441 896
348 804
25 577
528 147
766 620
73 314
308 890
560 767
867 461
460 909
464 515
66 843
31 826
740 261
386 834
847 388
228 865
228 446
212 539
741 530
28 418
655 8
397 211
146 8
458 893
644 102
316 485
390 489
484 41
233 148
506 26
677 774
172 617
71 70
143 341
256 871
388 239
879 346
278 920
708 18
548 880
588 850
220 111
330 46
96 490
846 629
671 319
718 261
518 166
792 561
204 730
795 914
528 740
707 107
230 350
723 811
904 591
689 402
408 401
585 782
841 815
643 768
238 146
613 307
152 761
892 155
477 671
381 367
292 811
406 24
95 363
814 511
157 627
877 527
198 96
219 493
828 175
351 183
479 386
355 765
407 812
374 252
840 741
893 357
469 152
659 277
242 910
232 885
583 921
640 422
700 878
202 794
521 722
567 677
785 454
310 812
335 651
322 748
252 877
440 576
271 45
464 592
891 526
285 330
128 283
516 476
913 174
397 32
255 313
220 306
593 499
894 342
676 749
163 127
879 486
461 894
867 711
432 913
644 243
427 707
284 309
727 3
12 479
787 342
297 460
45 854
155 119
12 97
770 411
58 675
27 458
671 170
347 182
535 879
192 698
652 411
367 763
126 424
212 292
283 828
623 534
60 336
744 192
11 150
509 845
807 490
917 166
560 341
446 411
619 7
69 836
269 386
749 888
521 233
280 783
194 685
360 18
380 640
3 517
171 679
353 681
636 382
145 737
898 191
560 640
628 794
476 543
224 149
224 730
78 606
581 754
90 706
198 611
733 108
36 236
604 611
884 421
903 651
852 209
217 688
477 591
272 394
511 841
634 393
670 75
351 513
704 119
372 205
889 624
416 440
712 23
53 252
96 300
578 429
445 866
679 233
681 730
332 276
575 424
585 54
914 58
314 433
81 791
213 216
175 785
896 737
785 709
642 691
76 526
699 590
867 522
24 108
212 416
289 819
312 396
772 373
634 185
218 311
284 744
856 746
617 16
502 424
288 169
163 145
716 105
22 308
245 506
269 143
832 906
762 906
184 19
220 740
500 532
841 61
2 921
919 840
214 49
671 618
