903 1719
840 355
720 713
494 217
508 667
551 235
458 195
226 103
616 888
215 75
16 515
127 293
236 537
440 794
114 230
17 654
525 246
791 400
176 456
572 801
22 616
813 766
26 208
84 273
766 123
474 504
147 38
132 306
655 134
382 613
58 733
888 415
95 401
261 185
9 336
193 70
733 677
794 366
596 774
583 418
287 97
178 809
22 502
455 903
814 714
182 647
609 92
166 492
91 245
329 66
112 350
316 726
183 327
443 55
125 543
429 393
568 149
459 619
444 157
247 712
217 90
777 280
834 878
697 30
130 31
349 393
167 134
521 192
156 181
767 514
899 337
468 163
243 834
432 57
862 422
887 69
799 403
886 176
611 60
68 576
126 571
307 511
824 199
536 711
350 419
387 439
528 695
534 619
242 584
425 198
408 138
90 564
421 685
116 267
263 133
839 60
189 476
651 36
391 865
654 243
34 747
202 18
817 797
140 382
696 201
591 56
776 401
589 114
163 483
897 76
257 695
509 793
243 373
558 75
232 557
493 261
793 429
800 457
859 713
804 385
850 451
311 522
176 670
608 753
221 759
508 901
786 461
493 515
592 889
863 387
96 616
460 803
672 214
783 194
381 585
705 559
429 61
498 147
862 870
884 218
302 702
490 755
695 258
510 139
591 477
255 890
487 884
518 806
260 562
541 735
692 224
302 267
199 825
127 274
222 34
848 637
833 388
215 474
181 844
718 503
718 777
704 758
338 877
335 664
48 362
732 618
712 336
785 721
608 27
1 296
46 456
425 131
478 663
355 94
677 32
435 397
97 353
557 875
444 754
637 359
633 538
521 128
780 13
466 632
427 664
869 705
871 221
247 536
713 199
549 30
398 522
629 480
205 355
74 748
39 440
225 655
299 343
397 766
40 154
833 280
615 693
451 279
475 141
683 705
281 687
429 340
802 814
70 816
472 95
830 846
301 463
603 883
606 874
851 1
815 560
321 180
810 80
631 168
150 688
528 801
768 889
721 590
860 23
273 75
369 95
260 282
44 479
669 98
212 429
825 156
711 671
560 401
615 602
348 20
42 313
524 746
780 726
782 221
453 100
663 17
872 490
53 165
728 286
185 728
805 55
131 88
710 252
584 619
625 65
76 677
108 614
228 53
223 370
374 528
797 208
503 179
144 266
18 674
595 590
524 37
67 233
843 632
78 491
244 329
606 876
793 350
686 531
463 291
376 123
587 790
783 545
143 459
649 517
674 519
78 498
797 597
323 639
693 612
378 766
418 665
15 697
590 504
760 377
6 84
137 309
711 348
385 38
631 752
873 130
56 751
812 880
843 10
422 454
775 684
13 166
165 416
223 254
705 875
134 16
242 420
617 253
123 427
305 863
590 887
521 487
475 878
170 699
303 560
320 398
382 426
818 122
27 892
361 109
480 850
392 212
640 426
505 644
567 459
42 47
867 287
778 174
414 743
76 805
760 253
61 317
505 441
477 738
648 82
804 490
652 537
579 523
215 553
835 802
894 693
90 314
323 801
682 70
666 835
477 53
652 781
856 824
638 229
458 764
773 355
591 748
409 190
471 119
478 528
464 889
2 819
12 521
107 326
17 15
517 548
721 348
367 761
780 249
319 719
747 374
182 626
767 679
270 383
118 691
492 458
189 486
818 172
416 409
344 166
258 234
494 507
719 884
195 570
490 220
897 457
721 584
611 825
540 363
286 567
639 239
436 573
220 404
373 780
780 393
179 562
201 46
152 885
6 577
246 165
158 668
570 113
250 733
504 41
361 813
770 437
437 439
622 568
800 42
673 284
547 93
891 717
21 110
630 308
279 810
284 445
262 485
526 482
841 349
181 709
479 789
597 205
444 755
343 511
590 281
902 702
858 484
313 791
285 798
594 763
270 114
858 717
805 574
111 795
421 95
413 885
217 807
308 57
124 539
778 101
689 319
643 176
75 495
700 295
124 574
640 116
180 309
183 247
335 125
665 714
546 895
547 532
202 814
246 129
28 332
363 103
1 163
499 551
762 99
263 39
70 98
683 191
274 607
811 559
208 658
545 450
545 696
285 199
712 333
127 425
110 36
241 576
244 715
667 845
429 18
450 460
178 274
558 604
693 289
789 323
848 342
384 219
555 337
59 276
426 135
733 706
25 277
333 756
824 584
805 421
263 339
162 844
39 311
244 429
654 293
371 34
813 71
134 664
788 379
405 378
770 512
672 398
231 583
185 736
368 256
832 777
281 53
526 456
487 814
555 318
423 6
558 402
688 656
899 71
611 881
481 705
261 200
228 61
600 254
195 332
2 521
750 613
25 858
99 255
747 366
37 899
283 405
748 39
80 282
173 883
263 11
533 686
574 683
717 23
796 441
628 806
862 325
494 355
812 777
282 780
271 153
62 587
77 393
253 270
511 693
171 203
463 566
84 441
28 478
522 163
532 116
456 138
883 686
900 77
205 305
27 171
686 529
854 363
893 900
898 797
831 466
128 804
807 622
278 892
872 229
122 895
622 271
698 359
754 328
831 586
710 573
566 342
147 274
579 540
19 126
648 387
563 48
671 320
361 451
549 77
91 528
772 471
593 227
21 650
850 137
228 66
446 153
144 49
436 602
815 192
32 300
199 336
884 811
293 667
155 867
652 611
855 478
747 900
233 436
22 879
740 528
896 62
675 440
462 74
66 658
585 501
624 136
91 211
291 382
700 552
465 620
431 677
144 819
630 344
63 644
535 250
113 679
575 272
620 270
795 583
447 546
620 413
842 738
427 456
396 166
513 591
734 207
424 481
347 5
630 170
742 325
11 807
520 117
368 899
292 836
166 31
64 848
485 256
612 777
677 60
901 835
757 206
712 471
28 560
557 114
225 610
804 781
606 799
209 174
579 827
121 503
489 769
860 816
792 528
501 350
428 18
727 21
33 710
553 850
608 387
130 750
133 393
762 885
317 551
319 328
675 790
128 568
366 813
900 429
247 620
231 299
18 842
773 714
782 199
754 161
738 744
206 3
528 845
356 638
161 632
867 513
422 444
207 501
196 890
530 6
698 74
475 488
275 759
378 856
640 889
199 774
607 592
96 82
762 94
600 791
351 88
642 366
202 393
21 697
439 734
631 688
483 643
346 874
832 458
647 881
714 447
419 428
868 210
571 139
645 22
690 279
698 705
861 478
165 735
449 134
656 282
237 212
879 229
130 763
486 75
469 887
163 436
773 217
541 45
616 374
708 85
88 224
255 513
776 279
266 717
472 684
157 106
768 716
492 639
256 650
630 829
243 96
875 637
622 778
844 256
138 387
50 60
614 508
461 640
316 88
522 679
729 241
611 648
427 641
543 290
458 383
100 115
85 385
529 542
681 272
93 759
3 316
754 257
614 59
671 885
158 600
529 868
810 839
812 615
27 595
836 373
108 708
373 885
466 160
782 799
898 341
811 227
119 270
344 65
628 123
867 546
443 481
175 611
13 324
664 366
294 25
586 674
860 261
239 269
172 442
634 765
37 277
404 165
478 441
617 153
171 245
498 411
213 874
124 238
396 331
436 210
202 253
719 730
796 831
190 538
548 530
421 302
674 517
237 420
779 488
66 885
657 747
87 681
643 808
831 99
501 588
211 468
836 126
531 338
575 549
363 59
616 228
428 399
829 643
223 474
868 474
872 627
378 74
1 510
296 217
792 766
544 698
301 35
230 395
395 162
53 739
627 152
123 611
625 293
510 655
254 407
322 330
697 801
385 283
709 486
713 818
778 165
846 17
682 537
829 854
385 549
247 289
293 521
738 563
265 739
808 403
348 628
521 383
637 613
86 500
658 141
676 764
697 414
185 516
117 631
246 261
193 498
6 901
48 720
72 1
867 40
637 312
545 122
215 119
418 810
256 230
687 708
69 765
15 251
150 447
30 815
397 24
419 119
774 256
597 478
286 784
146 533
428 800
412 445
394 656
902 247
726 491
384 636
18 732
440 563
150 13
522 42
257 646
94 101
226 760
649 888
507 346
718 499
756 287
67 589
813 485
173 693
708 599
89 33
569 239
772 639
900 129
539 54
480 348
758 611
533 299
313 666
6 249
281 833
585 805
605 186
420 672
259 610
829 7
134 93
769 581
719 488
99 496
120 662
209 624
176 600
780 233
835 795
270 476
142 401
491 209
534 525
442 503
543 721
505 333
201 561
239 516
418 814
280 42
506 846
336 575
34 658
382 579
225 790
529 791
269 446
514 101
860 300
494 828
798 14
196 495
144 552
859 467
843 317
535 532
371 67
160 797
295 815
133 497
237 551
872 384
719 370
698 58
525 145
446 273
34 281
332 534
743 341
110 24
882 730
494 187
207 509
834 281
122 618
527 814
63 343
590 401
634 186
228 370
586 313
552 446
149 549
99 487
891 694
268 437
452 682
821 807
4 399
67 159
712 328
676 153
378 577
167 818
499 495
274 1
39 244
717 422
68 836
803 116
714 204
741 123
687 868
559 531
30 482
810 714
261 401
279 840
395 128
392 559
526 508
801 707
678 267
20 63
131 84
71 438
823 557
596 247
804 452
54 751
717 518
848 118
2 432
257 254
433 833
739 304
766 603
741 109
192 204
874 815
413 6
188 307
693 62
409 688
819 893
116 903
735 550
651 603
14 738
896 93
241 338
43 228
670 3
500 1
801 283
660 586
636 857
55 287
366 421
405 385
318 759
891 781
810 509
151 632
885 717
684 211
581 26
163 378
497 623
834 220
304 895
712 513
231 742
254 392
56 143
403 515
866 790
795 612
32 829
162 657
456 537
827 762
299 873
66 171
619 451
216 783
660 31
755 246
687 207
468 279
631 456
316 323
441 860
116 730
28 305
547 342
172 273
581 694
730 205
442 123
210 239
302 633
11 425
806 628
830 382
210 270
700 48
466 251
620 434
589 712
237 51
592 403
423 87
615 617
196 390
441 583
61 886
122 132
196 21
805 162
590 893
419 837
303 30
307 91
806 821
182 398
824 628
844 20
393 348
51 280
583 620
749 807
552 381
369 845
761 579
278 767
302 395
788 771
606 579
331 137
317 832
433 12
269 670
293 642
629 88
387 751
527 441
287 499
804 100
256 556
282 548
549 125
769 319
202 104
202 47
811 363
522 81
529 1
200 531
536 77
477 760
740 149
872 592
157 805
396 399
532 566
185 863
664 305
505 758
686 24
724 640
897 775
590 105
614 142
837 485
87 49
516 369
84 486
840 529
469 743
326 367
39 590
81 265
513 241
52 747
326 835
464 217
293 282
212 497
88 714
491 74
650 624
501 418
355 491
692 125
784 246
732 212
772 437
39 758
300 72
48 177
799 38
213 207
639 232
512 671
30 798
61 124
779 708
726 886
353 166
140 777
245 481
410 515
249 537
513 338
273 536
241 601
865 188
476 74
424 96
225 206
761 441
530 774
274 21
737 107
187 118
214 685
493 561
874 176
485 385
17 462
166 690
705 121
814 254
655 287
364 741
699 330
424 103
558 590
395 550
424 876
460 748
853 200
456 246
165 76
225 852
616 761
583 303
785 711
300 452
357 634
857 500
696 822
5 575
228 371
413 553
472 773
308 427
883 856
77 768
585 57
474 879
718 383
258 786
99 672
368 765
265 22
236 862
365 819
336 787
478 594
351 736
104 153
857 509
390 212
307 256
476 409
576 316
541 220
770 811
44 580
136 498
194 344
174 486
36 619
680 450
663 560
158 509
706 580
698 552
387 80
645 6
105 304
164 600
673 600
385 292
63 781
85 368
358 780
677 604
382 615
314 373
847 437
299 235
29 329
91 560
701 557
371 182
368 549
563 315
777 569
430 187
714 78
239 553
12 628
96 461
778 728
286 293
714 730
822 220
698 486
826 147
776 835
265 161
651 119
80 777
22 169
890 689
490 489
254 859
550 868
593 617
501 577
137 256
550 409
311 122
352 708
624 16
238 414
554 61
194 243
768 142
109 815
369 898
832 592
341 300
277 207
78 223
868 230
544 217
639 805
322 651
258 748
394 265
567 211
479 659
638 92
851 808
156 895
861 645
426 335
178 553
768 419
350 678
636 701
361 104
334 783
875 627
177 315
662 311
436 856
900 341
797 795
682 80
354 225
852 29
29 471
555 172
160 852
233 610
828 501
297 619
851 387
762 369
223 232
605 118
374 672
328 546
850 335
30 337
881 451
522 380
136 281
658 130
493 367
223 538
617 414
144 147
733 186
829 870
594 224
79 344
30 457
87 727
189 632
730 595
877 811
1 472
610 787
440 210
793 804
886 539
491 84
258 239
685 48
285 600
255 350
655 894
632 73
245 399
602 218
491 771
294 665
616 18
401 274
374 179
718 497
774 583
295 175
651 153
692 237
849 288
479 741
152 794
340 199
693 607
169 749
827 866
898 564
314 568
24 275
352 160
502 497
173 713
52 448
857 535
225 205
636 520
464 103
368 456
884 30
264 147
600 24
525 515
837 166
348 552
13 262
154 273
561 247
758 113
697 637
132 115
461 867
124 488
369 794
849 77
817 100
636 741
104 812
170 748
145 26
348 108
83 690
693 864
325 710
352 198
72 560
534 532
408 199
29 415
141 731
733 670
697 864
148 604
740 757
764 633
50 842
349 127
700 798
14 218
531 419
678 845
539 124
778 703
897 336
367 842
294 816
23 180
227 434
375 282
469 337
383 330
348 312
188 868
512 255
766 265
229 124
35 120
497 828
258 882
208 766
88 476
836 315
620 120
660 9
308 870
495 211
382 585
322 413
52 249
15 503
795 269
356 748
286 400
571 895
349 464
97 402
192 635
160 25
146 603
273 353
586 419
572 242
611 441
306 647
517 358
521 533
161 134
165 257
644 895
274 633
32 90
346 61
398 754
167 57
63 120
17 411
474 300
182 21
902 648
529 256
51 401
296 125
559 723
85 242
396 866
809 161
174 422
838 611
509 45
310 619
78 503
334 168
307 70
828 489
111 624
183 630
785 619
239 865
44 657
133 277
134 758
111 269
520 802
482 8
158 438
72 126
756 581
743 552
174 797
341 590
36 774
182 301
367 158
707 213
48 342
415 791
37 188
792 117
293 709
670 463
686 335
357 544
447 377
241 165
314 885
122 93
734 444
883 866
385 393
101 444
16 747
571 180
260 15
646 828
113 295
794 332
228 896
488 664
235 830
777 202
428 337
413 632
430 846
343 38
272 280
184 639
410 887
79 688
73 623
198 415
694 560
720 769
10 127
333 889
27 178
869 903
340 797
445 110
862 894
386 19
613 316
84 176
449 386
765 81
64 657
754 286
38 47
279 254
674 114
69 198
587 450
555 42
432 509
148 393
602 498
217 459
681 436
100 391
113 813
389 483
445 401
32 687
592 584
826 419
136 861
604 167
422 676
847 22
80 677
232 214
418 343
497 675
818 346
31 458
240 287
783 829
390 848
306 67
623 313
573 31
812 536
729 756
126 100
220 550
794 312
835 598
212 216
434 293
418 274
842 115
1 100
282 569
10 250
512 803
221 785
194 427
731 141
180 701
569 12
667 95
742 783
160 86
125 476
586 862
706 417
162 625
568 631
293 732
594 84
445 444
359 847
621 195
608 659
475 83
458 57
352 370
205 70
299 795
18 244
202 34
497 709
266 784
212 127
708 332
442 49
584 271
380 773
473 779
330 900
777 757
859 260
333 10
190 333
282 271
410 821
51 873
624 388
8 425
249 14
671 2
122 513
103 443
415 432
608 562
796 726
405 720
802 14
345 732
512 625
264 534
416 433
531 418
