862 1080
262 196
381 700
342 418
419 524
335 537
792 761
498 861
451 98
612 54
224 446
597 326
61 82
288 424
343 356
52 29
716 655
136 183
221 681
140 813
75 58
301 816
807 537
68 205
740 55
38 386
359 848
415 631
81 630
294 785
147 449
119 249
230 292
331 106
567 136
341 635
530 463
150 401
137 733
545 195
693 773
42 289
785 119
438 412
652 759
745 275
28 185
11 83
633 689
186 543
387 610
136 16
357 669
60 62
256 463
335 806
806 441
425 62
341 560
720 51
340 260
500 657
387 458
357 8
742 851
295 99
333 428
156 541
858 253
91 198
602 834
397 582
226 120
55 383
683 400
792 638
220 332
693 851
512 602
800 660
134 468
576 787
156 137
624 786
441 634
572 98
773 175
375 257
610 14
188 262
437 307
269 726
703 60
391 469
334 319
489 801
33 149
696 689
107 607
200 75
438 453
451 360
686 355
387 777
559 424
500 646
711 523
837 860
2 142
362 386
156 562
578 399
640 85
5 709
559 672
609 136
126 605
277 702
40 595
489 331
454 695
844 282
228 578
628 624
344 213
74 45
435 318
113 722
795 46
471 177
22 251
710 604
567 759
656 310
26 267
811 731
780 221
623 472
832 509
607 575
691 323
52 644
616 461
251 507
122 410
652 346
609 176
347 473
122 291
190 136
372 811
477 229
238 827
591 75
69 31
784 416
627 428
717 605
660 371
510 628
523 345
496 659
150 224
356 523
464 236
361 698
158 332
717 143
382 527
462 752
170 330
94 131
295 262
521 192
3 784
394 213
532 636
597 554
447 695
339 252
543 734
511 437
154 724
243 489
730 660
457 834
254 546
487 350
724 768
746 856
458 181
483 233
434 41
134 283
180 230
332 370
249 151
743 852
83 306
818 260
504 561
419 567
359 717
39 856
633 273
568 559
770 586
52 39
222 701
573 14
665 341
638 761
226 155
750 747
191 843
606 826
480 181
336 159
626 770
309 498
694 849
613 820
279 548
405 356
708 812
698 497
845 563
133 150
448 814
516 257
28 774
231 322
362 72
729 331
104 738
370 753
354 661
783 821
442 771
274 580
484 589
97 392
364 244
226 35
538 816
43 248
81 77
305 688
177 767
48 274
462 406
674 636
746 785
405 201
793 37
404 319
836 217
729 313
838 501
455 787
578 534
351 56
583 81
820 261
645 403
798 452
104 658
256 737
304 811
300 673
729 197
497 64
619 252
200 483
591 266
1 113
287 352
579 137
583 156
426 128
201 210
679 438
17 219
248 725
273 369
708 832
779 816
59 266
307 797
429 541
234 42
304 845
50 101
495 117
592 733
73 220
740 229
374 690
153 399
50 127
329 261
193 224
46 706
234 334
432 519
425 167
361 788
821 590
492 84
87 799
216 348
557 704
494 603
566 715
351 182
804 384
92 538
495 430
327 857
34 795
300 694
462 790
310 3
262 35
852 599
623 667
150 319
85 444
720 695
460 259
437 132
819 483
556 490
337 571
656 39
228 128
76 239
660 236
458 465
73 354
346 640
310 113
153 51
258 480
159 78
515 857
816 79
360 636
384 757
140 71
199 552
206 669
459 267
202 200
782 322
582 327
278 854
676 464
14 283
608 811
111 712
460 670
293 513
394 150
229 76
187 576
199 749
21 341
608 463
371 221
260 487
774 725
665 519
614 835
719 93
789 666
737 592
684 129
15 69
340 590
80 7
105 741
665 381
680 291
343 496
654 16
382 334
688 744
38 767
781 389
130 161
23 487
280 718
371 834
313 187
530 124
343 570
653 307
262 283
86 156
93 806
378 440
482 189
577 438
473 484
375 732
812 282
404 265
149 710
476 387
646 606
160 849
624 224
573 162
511 578
52 40
772 245
529 77
348 716
266 131
200 187
306 375
512 264
491 644
611 13
340 543
683 156
285 565
283 291
453 179
86 489
538 164
419 61
363 472
246 106
680 559
398 96
774 51
805 447
534 717
493 579
528 125
744 662
292 463
653 143
473 358
850 154
343 84
651 343
348 462
701 216
755 672
267 306
380 424
139 586
211 178
50 556
161 280
42 587
30 576
14 69
641 375
313 18
172 186
120 379
122 411
482 769
548 429
556 223
312 567
719 73
181 710
713 325
600 628
608 147
510 397
741 67
524 226
551 554
260 860
444 779
598 699
196 228
704 429
213 749
337 566
252 847
141 253
752 271
584 220
671 798
636 556
63 576
143 559
506 600
479 637
821 858
16 726
179 112
266 464
635 197
49 380
737 829
174 742
77 155
689 451
199 48
418 396
5 603
611 839
467 112
86 576
70 115
620 405
452 164
831 327
419 503
602 62
765 522
796 599
256 583
258 375
251 107
224 543
125 526
318 505
151 749
138 835
461 405
4 779
422 841
730 548
667 303
730 771
93 352
408 292
851 431
262 450
195 646
409 485
270 515
546 24
606 185
758 766
239 495
422 773
17 217
64 801
525 417
773 134
329 309
249 794
285 825
12 543
673 425
27 254
548 149
759 347
758 705
720 754
819 648
135 355
318 690
288 422
685 622
22 518
83 122
593 763
129 97
456 233
791 750
719 253
393 606
461 93
248 161
103 828
686 66
118 95
565 397
753 274
63 235
222 754
54 559
799 496
92 252
61 245
268 312
670 508
171 186
825 395
219 68
311 783
230 804
319 46
400 121
395 495
324 415
700 428
757 626
417 639
247 516
673 13
24 380
760 26
24 438
104 606
844 703
173 583
848 245
626 476
254 729
790 586
859 284
468 383
53 696
380 600
587 231
190 762
217 766
761 331
697 196
709 529
404 520
309 418
487 167
405 413
1 754
859 746
846 271
86 69
859 296
778 96
468 111
147 84
388 799
51 670
8 592
191 188
848 363
773 714
159 327
535 490
173 746
790 625
596 184
204 57
793 832
502 288
726 627
459 296
710 312
171 415
625 667
775 584
112 562
161 788
568 62
110 730
841 751
172 397
819 519
676 463
308 809
52 256
716 614
606 733
420 624
742 738
613 129
466 319
312 292
717 405
663 185
22 340
567 557
120 114
832 862
851 398
441 519
441 288
684 292
705 284
155 392
342 412
503 472
433 241
353 148
631 825
602 789
854 87
416 238
738 752
417 45
382 777
278 207
240 802
834 503
759 386
815 346
33 701
560 563
126 598
45 618
331 595
130 659
196 40
269 793
227 109
665 838
332 600
76 294
642 620
491 344
745 120
16 259
133 194
271 122
531 533
821 601
352 416
579 198
787 189
431 256
145 769
357 499
418 5
470 178
32 607
462 628
611 359
861 132
741 642
574 729
169 206
807 838
861 807
157 797
430 787
321 144
567 413
538 828
393 604
705 111
559 427
779 58
215 277
436 550
186 305
451 93
213 334
164 640
741 136
687 785
576 417
672 577
546 509
64 373
757 373
266 680
229 268
822 698
598 595
769 835
520 205
612 385
804 224
488 793
488 130
790 598
318 494
746 19
772 474
473 750
650 724
13 437
746 745
528 428
585 352
844 500
325 490
503 485
383 389
108 121
313 787
40 138
53 710
806 802
260 342
671 739
400 249
799 392
605 463
561 270
128 407
307 72
498 286
380 382
797 435
659 784
137 675
655 448
315 266
424 329
224 550
386 172
168 827
171 493
262 400
576 649
232 142
860 708
740 787
694 268
46 537
742 266
356 315
852 102
831 621
14 847
745 228
64 732
311 240
276 175
91 649
269 692
450 273
21 755
416 86
458 5
232 848
712 237
419 566
196 808
855 305
339 224
525 347
554 494
400 442
318 741
658 728
257 125
210 757
692 804
822 704
227 389
121 61
465 619
75 689
778 331
285 88
658 544
331 40
145 733
357 775
517 498
16 348
861 249
169 395
208 858
359 273
468 453
371 714
461 533
174 138
527 215
465 156
58 87
177 93
513 78
527 106
500 634
243 216
159 539
573 44
784 437
261 320
326 406
172 797
151 217
181 430
528 369
483 226
737 214
214 792
571 117
478 451
733 52
211 763
782 70
819 431
198 140
694 385
664 128
393 454
108 577
770 114
709 806
517 177
520 32
260 430
545 235
248 46
256 267
47 477
137 430
266 375
45 434
440 354
150 575
778 265
805 831
781 589
677 80
158 782
209 714
531 679
358 202
457 336
383 365
256 773
498 402
176 25
104 454
225 286
602 383
172 764
231 800
232 407
301 739
228 837
623 793
561 724
814 364
269 455
410 555
824 169
413 105
388 533
569 405
74 861
611 785
217 536
695 249
828 581
127 476
742 7
65 505
102 285
131 384
542 852
114 773
397 591
50 557
658 282
855 101
198 791
781 509
382 862
622 171
808 848
796 859
667 355
839 194
58 50
459 240
380 117
104 675
432 234
846 268
47 208
89 262
358 313
127 218
277 636
793 507
318 557
803 614
21 678
858 765
693 165
388 317
589 99
17 604
663 541
619 700
652 696
89 109
149 575
695 236
682 331
93 388
597 99
822 255
277 717
325 579
635 727
739 834
576 288
88 711
561 839
522 332
90 436
13 806
8 591
638 613
117 801
210 181
590 566
346 29
204 584
772 637
295 501
12 234
391 47
517 496
341 441
573 702
3 340
231 452
585 272
3 729
306 18
339 64
852 420
756 781
152 510
259 332
493 24
264 389
347 601
41 278
829 725
407 514
844 472
714 684
21 41
213 804
672 778
565 626
428 221
708 423
681 409
785 456
628 743
621 429
830 268
857 5
442 157
127 536
607 752
127 798
681 298
591 358
357 181
584 821
204 605
468 462
818 801
343 121
216 777
105 749
607 102
288 512
685 514
599 131
504 17
350 777
215 849
275 612
165 717
290 65
423 823
610 759
827 298
314 798
313 782
629 331
338 543
482 249
650 86
523 172
