1000 4949
620 975
824 872
948 569
642 380
787 989
40 961
133 760
54 381
369 779
79 608
775 903
770 796
111 196
499 969
730 971
36 661
627 321
592 301
59 131
168 915
560 684
960 228
744 35
993 747
746 715
820 248
487 283
309 983
309 386
883 955
312 975
990 438
131 200
862 451
395 385
248 973
209 196
906 481
709 479
946 786
199 196
629 586
514 942
726 414
749 637
191 105
312 958
827 623
423 602
525 185
853 855
503 296
386 970
880 106
237 350
756 300
846 384
754 131
484 321
357 360
487 590
770 284
57 164
934 582
153 664
407 706
376 4
618 527
369 834
947 505
415 760
100 658
312 523
538 38
719 154
678 851
1000 451
174 298
982 87
284 190
888 479
713 994
145 413
254 521
990 705
349 320
994 234
888 601
264 40
654 4
138 705
19 119
549 737
713 568
978 140
592 839
645 158
811 231
908 892
32 270
820 863
147 791
566 335
965 893
988 533
771 159
719 253
513 451
775 10
272 158
945 144
627 763
620 790
571 887
435 658
916 212
422 38
867 224
558 36
140 624
726 240
755 283
197 313
325 244
509 749
516 163
244 434
519 892
295 555
60 103
823 358
300 131
47 812
121 989
950 618
714 555
110 542
274 504
437 604
3 596
218 101
667 166
668 40
897 241
284 372
88 621
765 952
288 292
876 733
509 345
769 736
55 173
845 437
631 356
244 154
762 347
189 395
340 693
696 987
53 290
336 746
312 996
538 741
170 14
764 186
430 50
600 481
193 861
590 486
438 564
537 496
335 803
613 240
612 122
191 485
840 714
472 548
91 202
401 99
184 834
828 123
649 306
188 154
8 219
667 259
134 655
907 51
469 615
474 356
357 382
81 875
626 515
829 657
353 526
522 326
650 275
353 625
264 308
250 133
378 958
178 441
754 104
402 21
690 122
976 877
811 499
7 340
516 557
392 3
752 984
485 229
14 190
279 977
258 301
902 601
792 856
209 694
907 219
47 818
159 190
164 929
789 211
183 292
789 334
315 161
380 241
961 44
516 522
507 300
610 301
214 602
345 665
969 444
218 194
608 17
972 356
990 522
848 922
27 488
688 494
83 42
196 192
769 440
256 21
916 803
78 292
481 432
120 624
613 304
959 719
226 708
730 671
730 200
586 373
89 699
362 635
92 750
201 356
631 534
936 977
350 676
312 547
850 28
446 117
799 956
670 460
600 979
103 373
605 893
991 899
728 992
291 800
436 450
239 149
386 683
832 391
833 527
560 321
754 726
172 653
323 595
654 437
715 591
549 790
385 86
71 541
502 609
130 17
991 647
443 90
815 973
565 448
670 277
789 562
984 795
417 635
443 945
516 240
41 144
449 744
133 245
119 922
709 410
138 541
832 380
88 213
141 117
770 464
790 825
853 183
349 701
663 842
676 73
117 86
598 527
530 721
530 154
931 648
164 620
660 617
754 380
403 512
746 875
465 585
725 77
47 634
636 888
984 201
426 783
86 409
125 7
731 596
865 919
837 288
257 301
792 283
115 17
557 154
595 795
961 911
360 893
605 941
767 226
543 977
109 937
181 408
59 61
807 552
666 121
562 800
616 515
814 618
339 988
980 854
305 167
566 27
89 645
470 337
290 971
202 108
563 998
496 641
151 437
742 439
688 762
690 137
601 354
964 322
33 96
695 103
878 816
168 425
244 665
545 236
333 888
530 48
814 659
466 440
231 519
335 591
218 223
808 414
238 154
203 340
331 283
194 58
92 270
305 594
753 243
191 877
40 743
440 263
517 331
756 277
133 812
426 294
63 175
880 630
629 907
666 826
572 589
641 262
492 555
710 676
429 955
976 301
336 754
725 947
427 144
85 921
880 240
26 614
178 931
118 94
822 909
895 73
962 430
218 989
165 167
387 328
256 409
372 420
854 967
639 994
529 151
530 31
7 788
715 941
62 423
341 924
257 884
789 531
495 972
991 587
8 995
495 887
654 569
16 296
269 741
128 967
454 94
57 410
754 93
520 573
833 316
427 120
358 463
644 575
641 852
396 821
570 216
919 525
576 143
459 517
8 705
351 627
427 706
428 614
466 689
264 558
213 638
743 135
629 479
863 947
685 959
83 555
263 233
484 861
13 876
928 120
134 964
112 41
899 855
183 438
97 987
299 157
753 756
925 428
764 116
89 428
182 284
370 835
181 844
404 432
336 422
120 659
725 174
245 794
139 555
375 394
540 716
791 536
731 857
611 219
630 979
179 656
422 249
81 803
153 430
774 669
878 527
317 105
859 277
853 785
985 680
716 835
271 49
333 317
612 290
147 690
114 118
131 812
613 453
189 51
524 813
379 908
821 574
471 3
274 339
459 142
519 49
572 113
27 450
70 150
324 170
335 549
625 358
934 838
530 354
20 747
247 361
138 239
563 719
231 190
512 432
948 233
567 239
694 541
553 671
809 805
809 248
993 799
721 465
391 767
726 930
711 186
936 586
848 988
885 617
613 596
344 739
84 358
121 724
397 937
584 657
307 970
711 889
436 238
165 488
882 106
554 735
168 585
22 473
133 767
100 358
124 226
820 148
841 772
883 386
740 908
556 49
95 439
294 700
942 931
945 400
746 194
104 325
888 987
529 932
239 923
91 154
695 837
2 828
115 614
721 101
847 148
170 818
23 598
905 259
545 868
695 471
340 970
343 590
235 193
860 1
109 861
185 783
168 134
209 783
946 823
85 345
840 963
692 729
622 176
623 217
936 310
59 236
207 810
62 107
542 860
338 93
415 845
74 265
752 948
714 887
839 747
74 605
71 893
516 193
654 473
385 52
258 314
666 175
371 223
976 99
579 473
391 122
670 780
838 476
16 419
859 121
309 669
516 336
437 638
552 893
593 760
188 558
864 830
247 859
51 513
512 61
234 316
201 551
92 325
878 827
2 125
41 462
332 46
396 891
458 568
991 800
471 433
302 295
656 892
380 290
474 901
367 29
505 842
98 561
311 843
59 680
904 262
557 692
959 224
181 713
13 225
349 255
238 998
678 840
412 640
350 354
544 935
232 937
1000 382
619 378
13 935
89 1
859 126
698 714
879 708
56 438
220 455
112 760
246 947
277 966
423 564
81 213
390 425
184 640
728 989
473 143
620 608
622 211
77 426
178 544
11 602
629 990
207 454
299 308
176 585
781 944
819 695
761 599
146 980
40 249
295 686
258 966
423 894
372 99
952 446
652 109
679 696
323 673
195 628
300 79
397 752
739 523
110 621
862 650
204 305
894 297
850 767
248 822
449 843
447 159
180 314
553 800
473 606
165 229
497 583
828 669
557 57
278 113
443 377
435 258
874 825
727 393
667 408
567 949
730 729
808 455
199 529
112 441
311 251
774 314
353 929
317 155
600 158
946 365
209 555
692 889
764 379
180 739
978 118
897 141
610 267
149 893
535 631
529 538
561 83
620 822
85 229
820 104
839 316
92 524
237 490
275 971
773 94
59 535
23 94
649 539
869 42
47 738
600 444
274 660
912 887
519 801
17 286
329 969
36 987
252 239
2 215
778 413
408 941
798 45
43 718
374 737
178 734
415 618
34 858
110 49
754 438
222 949
177 549
575 676
561 446
743 518
995 482
855 873
342 104
572 135
704 790
37 53
681 895
204 157
719 723
777 632
405 935
820 335
745 76
543 908
456 631
214 676
187 761
666 131
266 334
585 926
72 551
33 813
188 769
952 715
402 894
910 377
849 484
152 180
173 652
711 45
13 803
470 940
696 155
368 674
199 519
771 597
385 306
56 951
278 329
744 743
357 923
858 912
675 177
670 198
680 655
978 268
728 441
379 393
829 50
561 316
840 101
530 292
553 605
238 410
682 123
402 828
268 720
132 217
77 200
182 407
302 616
435 508
145 873
332 660
777 301
63 729
170 883
315 147
922 331
414 236
916 197
611 49
333 85
995 942
406 190
328 169
853 468
654 592
639 50
641 122
553 392
934 362
865 430
383 118
459 669
207 796
2 517
26 921
339 374
267 501
430 271
839 701
789 787
115 680
690 334
558 415
890 852
981 635
728 17
33 528
824 773
16 834
936 62
330 277
302 842
278 488
560 340
762 240
1000 27
546 494
138 342
649 369
916 950
403 605
613 262
722 901
64 280
908 966
836 123
238 552
674 736
816 736
53 741
771 797
919 539
133 823
634 665
174 160
47 844
752 497
360 451
34 467
711 938
328 236
110 243
20 674
494 18
112 450
600 35
636 244
513 359
803 631
806 58
40 225
886 884
119 677
531 699
716 326
664 687
20 896
21 612
207 424
834 556
341 135
12 937
125 212
159 810
769 610
847 524
765 797
681 388
499 614
850 834
447 645
250 252
412 515
17 354
305 698
15 429
998 760
476 334
919 76
254 303
257 143
145 434
543 191
254 224
840 761
431 91
911 813
92 849
553 705
553 148
323 113
19 784
920 987
526 958
25 761
854 356
567 597
802 259
397 488
106 624
218 519
809 549
48 76
28 682
950 136
943 920
595 386
819 861
640 345
531 359
680 875
203 604
718 408
346 701
774 606
846 635
560 982
281 27
626 977
984 481
965 193
489 723
235 428
582 655
182 213
387 611
240 817
994 784
314 85
530 286
562 953
209 679
653 590
840 736
492 581
834 479
516 279
406 245
81 652
316 800
226 495
602 875
483 154
64 476
802 849
250 914
248 169
568 193
718 624
520 108
830 661
759 971
405 860
385 1
542 887
616 842
287 399
509 942
930 438
164 694
865 818
72 372
151 920
741 477
228 224
779 240
751 28
941 190
730 219
609 313
787 591
734 739
623 835
239 894
991 890
639 368
562 944
415 546
820 915
710 662
307 576
896 382
823 536
274 468
408 926
188 191
371 585
158 515
180 564
623 618
130 842
927 108
960 105
352 432
959 217
841 473
435 767
185 528
220 676
312 573
519 378
77 547
653 954
799 175
375 295
307 143
787 153
201 286
222 13
767 563
521 69
678 617
854 286
903 852
415 925
913 870
734 206
999 823
809 277
739 586
24 432
152 783
136 969
857 411
431 680
520 278
470 989
930 472
554 508
433 616
312 32
259 635
296 783
48 426
775 183
559 219
62 385
514 462
502 216
431 994
14 243
389 962
141 868
201 867
438 624
24 804
352 38
278 233
109 263
562 284
746 922
799 148
792 52
950 373
914 874
839 645
168 3
171 683
51 223
944 548
709 785
247 701
675 724
607 85
531 165
230 852
532 903
845 935
882 691
847 903
21 528
560 660
199 603
928 861
602 217
343 35
251 480
70 26
476 460
113 617
75 190
187 743
363 44
558 242
268 872
690 551
982 36
88 3
490 814
74 41
201 868
402 104
369 155
575 586
182 808
510 699
999 501
452 884
753 640
809 803
510 727
115 667
421 760
996 589
863 724
262 249
690 179
48 762
801 455
343 486
559 929
330 873
475 669
39 52
205 449
371 434
758 802
408 29
62 288
634 929
891 856
88 550
765 895
531 868
70 601
789 446
644 421
882 393
829 599
25 417
248 940
814 99
871 541
949 677
343 423
343 196
710 202
666 90
5 390
189 361
487 320
85 962
854 505
449 4
660 104
958 492
100 424
735 889
875 932
34 358
685 746
47 236
67 175
195 953
16 453
786 12
272 95
660 533
39 632
595 283
831 410
152 868
134 259
91 24
690 61
784 399
470 998
200 656
205 512
985 417
246 835
814 106
28 382
508 608
678 224
845 624
8 957
663 323
831 685
924 526
85 971
67 688
33 608
341 39
34 625
491 528
348 882
849 73
298 977
686 140
300 58
43 767
781 122
69 621
359 82
60 998
415 460
199 990
20 969
60 827
641 493
208 409
540 487
409 99
339 683
809 449
33 322
307 978
821 527
74 971
914 684
437 224
241 551
368 169
645 337
756 959
741 967
388 113
743 935
580 603
708 109
780 594
125 354
839 159
343 218
663 141
770 495
516 194
59 425
866 27
481 564
730 129
161 87
820 984
613 692
412 255
818 852
902 537
616 296
483 348
525 29
780 875
194 322
250 423
173 306
567 109
698 236
368 652
311 228
848 971
649 782
98 796
281 484
477 683
610 354
752 738
510 597
271 705
182 371
607 123
989 556
368 160
688 430
250 633
269 118
70 420
309 628
575 533
862 79
3 493
719 835
145 206
461 164
301 803
264 53
265 137
375 361
625 102
781 411
769 361
158 331
168 230
205 276
832 424
777 806
939 851
290 428
336 244
525 673
485 842
531 787
491 625
181 577
571 158
609 987
757 994
352 498
405 360
833 463
756 385
943 1000
819 195
530 425
397 41
318 150
558 604
815 909
639 772
298 867
697 321
447 804
147 325
132 986
319 665
832 682
815 882
998 977
933 227
89 9
531 94
92 888
172 661
862 449
828 284
60 414
174 658
945 990
20 279
730 969
379 173
141 262
880 411
680 413
954 657
994 399
775 587
298 93
997 691
45 938
695 628
912 107
363 196
396 763
218 705
534 150
845 206
60 695
773 647
922 707
405 99
511 301
660 196
749 851
53 817
718 873
592 248
593 337
170 418
689 549
706 733
104 536
194 883
502 440
846 934
658 856
291 714
809 777
294 318
387 191
79 662
80 768
688 698
636 411
506 775
771 684
620 599
141 411
553 953
185 810
845 385
497 968
809 787
333 749
440 369
561 586
618 432
666 940
309 990
823 771
595 691
744 253
579 890
96 956
393 870
145 288
748 611
767 171
288 955
19 426
471 976
148 790
882 793
277 955
740 399
315 921
688 546
891 486
215 300
711 254
706 669
538 265
290 345
594 597
666 326
649 262
668 614
524 872
27 768
798 300
505 203
215 234
896 308
571 792
980 965
592 968
348 265
35 82
985 291
948 379
483 201
203 651
33 359
841 664
181 167
808 325
112 972
991 316
343 871
676 120
188 996
686 95
832 406
433 893
784 163
117 660
218 265
579 683
438 563
539 552
1000 200
405 101
522 705
282 618
925 260
927 639
346 463
453 425
204 430
837 601
351 228
44 122
302 472
584 159
506 706
793 937
531 226
787 409
256 106
572 123
89 748
561 177
65 873
129 738
838 836
32 736
198 551
115 444
433 645
893 683
819 626
961 271
483 95
764 783
696 712
841 388
343 321
613 938
36 27
738 581
426 911
170 1000
869 602
324 501
637 232
485 331
982 923
141 612
254 290
626 891
165 723
854 539
458 818
924 91
448 388
235 844
828 861
471 82
364 104
812 699
278 566
597 118
504 80
32 397
267 803
639 58
931 971
146 191
368 864
238 879
663 282
22 390
960 414
540 931
959 17
245 818
448 162
84 699
529 399
924 21
478 166
270 42
698 500
366 94
146 405
611 123
629 732
133 274
135 50
926 715
454 843
164 180
250 798
15 423
509 617
471 876
857 46
40 507
114 94
465 661
633 924
530 375
448 411
809 291
529 358
850 265
213 704
287 201
97 590
453 556
490 410
476 150
205 624
272 89
248 899
438 162
209 854
344 203
254 984
735 458
629 249
461 28
98 627
725 821
389 747
839 97
415 784
859 486
182 211
507 86
186 715
477 493
690 149
943 837
975 616
325 126
327 835
491 721
610 915
437 949
612 296
685 398
540 970
423 710
60 64
155 108
9 224
819 815
345 736
435 777
553 337
674 929
813 457
312 577
367 51
87 165
524 719
26 499
562 852
981 153
206 331
235 286
92 624
74 455
275 903
720 451
811 796
206 870
264 553
246 260
483 114
232 552
607 842
898 29
968 380
624 462
350 966
789 370
516 734
459 973
214 355
353 696
67 803
107 103
753 414
91 211
475 205
660 337
300 244
315 177
735 949
363 517
743 714
691 935
304 793
629 647
431 208
74 843
640 535
37 73
645 266
25 452
443 85
906 912
689 480
730 93
675 971
341 136
14 230
469 510
829 926
471 494
734 426
256 229
796 156
458 97
654 548
619 726
989 563
483 785
579 836
88 411
545 212
854 94
748 2
966 658
932 979
681 79
558 775
315 947
546 983
926 316
985 603
33 102
89 65
824 219
182 491
159 227
792 682
116 283
23 249
207 76
136 963
946 790
340 355
77 325
822 108
999 477
990 599
916 960
572 579
277 707
115 24
315 39
850 925
923 420
272 263
799 706
486 763
643 325
204 455
288 714
845 150
20 442
593 979
509 440
744 472
483 429
617 386
764 810
167 460
927 101
752 994
289 100
731 339
146 679
880 598
485 604
955 555
479 500
228 127
504 736
558 974
448 738
585 940
577 473
831 867
678 585
914 899
206 484
353 112
501 812
645 867
144 894
636 904
258 579
414 106
552 50
291 166
686 1
989 953
810 917
959 193
483 24
1000 398
764 127
692 460
13 194
415 871
514 553
396 928
254 35
351 779
720 867
986 618
132 155
208 801
687 715
248 451
689 355
805 586
344 481
930 563
592 882
369 303
97 162
439 755
724 505
467 477
375 316
838 700
433 160
841 886
680 127
610 480
301 39
666 473
81 268
38 87
479 513
146 421
88 738
734 955
806 484
348 572
934 647
847 567
423 481
831 484
934 799
483 586
645 987
1000 501
272 491
415 246
436 860
92 385
517 533
874 76
369 154
818 867
719 705
172 822
541 912
211 373
431 603
430 977
509 783
659 444
201 271
921 467
332 377
98 340
99 94
210 890
688 737
452 549
507 581
964 441
877 211
571 1000
473 821
678 465
85 542
363 130
203 955
353 898
811 496
228 935
961 579
157 381
222 965
13 867
358 875
16 547
365 687
56 69
774 244
831 854
152 728
210 595
906 948
336 766
854 582
145 452
145 527
802 823
991 166
146 601
794 404
833 268
172 480
980 447
133 788
133 339
859 241
57 974
774 888
442 497
441 623
758 636
980 113
92 964
563 638
252 114
566 729
139 120
293 720
583 931
994 959
792 646
516 472
181 525
282 393
502 179
303 966
947 409
879 42
437 230
348 922
735 542
426 393
745 967
980 780
801 569
84 581
72 844
489 866
110 313
2 350
711 510
786 733
703 812
41 651
502 551
561 358
820 968
365 677
703 407
436 612
71 791
408 156
865 351
496 17
679 340
176 548
179 693
998 956
713 342
34 820
951 834
755 544
239 198
178 246
187 420
153 641
170 737
613 603
407 12
694 800
357 636
687 373
512 829
709 158
837 840
785 271
805 393
453 740
489 948
519 602
572 226
645 884
545 252
245 852
896 966
161 851
469 568
149 977
812 444
335 463
776 82
871 212
447 107
898 958
752 773
604 830
291 726
532 504
510 308
668 192
848 908
439 727
649 631
816 790
925 727
732 992
877 190
19 843
168 143
761 938
888 286
81 360
580 572
523 804
780 430
211 614
855 651
68 971
48 142
394 286
368 284
57 698
939 225
152 557
231 342
54 660
604 345
52 14
520 391
695 377
881 82
348 722
989 604
511 741
521 590
639 322
153 31
803 160
781 900
690 270
286 648
547 830
32 274
967 460
237 391
361 700
41 420
60 384
206 419
483 324
251 992
78 283
309 7
769 214
81 590
320 955
994 501
737 316
959 154
743 217
67 904
726 804
712 477
567 410
643 861
771 359
281 118
632 987
423 386
215 385
620 494
288 52
566 972
771 843
848 737
875 855
74 990
728 450
636 219
672 772
547 144
13 105
489 659
625 401
330 255
663 19
59 986
291 721
905 308
541 691
925 126
410 989
466 738
985 70
363 739
197 937
346 652
716 293
487 933
444 356
59 843
59 655
946 450
5 693
114 287
824 585
714 424
366 671
787 818
295 673
808 104
483 917
580 433
338 68
232 148
530 679
799 52
264 419
61 394
92 123
807 273
845 416
369 176
927 606
529 316
273 873
157 966
139 583
692 44
363 414
145 231
862 457
375 657
338 720
62 24
633 314
942 556
74 602
709 314
379 638
142 513
573 283
353 695
225 117
831 422
577 771
392 589
182 733
871 26
339 253
371 228
911 736
126 296
333 50
703 183
836 226
714 683
692 388
927 830
270 86
933 457
215 618
557 355
557 814
688 158
999 685
510 849
167 29
678 267
837 4
702 810
274 243
383 407
449 825
114 50
370 511
140 881
387 378
678 103
227 635
11 646
821 325
568 411
621 705
141 706
179 822
401 7
572 125
720 158
461 403
557 186
151 183
725 30
945 856
809 347
322 515
802 364
66 790
999 834
312 992
275 212
847 751
153 535
866 783
63 715
1000 528
471 675
72 705
566 620
368 960
147 347
964 574
629 158
497 373
650 78
407 320
974 285
66 281
32 94
995 229
697 169
159 50
485 821
939 917
499 892
305 236
67 946
118 150
338 271
600 198
176 105
32 205
247 922
4 855
456 905
770 160
40 755
771 137
148 169
41 17
258 569
697 149
426 439
188 698
246 641
853 466
79 292
925 861
325 420
342 492
294 253
882 953
593 298
189 884
120 463
691 677
675 498
746 949
416 586
272 335
788 104
916 169
847 814
920 928
209 239
377 893
213 597
333 353
199 27
916 404
368 29
167 50
790 656
173 130
544 587
145 467
344 877
840 903
260 386
567 70
74 950
366 893
934 622
666 527
186 149
27 1
239 587
64 282
247 113
451 887
506 317
838 904
272 311
777 234
572 994
592 411
810 494
672 503
799 194
562 136
66 165
301 523
710 335
32 930
516 325
514 39
453 265
734 65
113 198
422 285
60 112
117 534
244 386
390 929
265 361
746 409
625 609
395 384
88 577
416 779
625 99
625 811
607 354
991 355
646 12
270 653
153 374
154 108
304 876
600 521
268 212
490 523
445 677
953 804
110 414
862 227
442 616
257 464
60 764
21 96
267 404
394 929
168 54
932 386
952 907
257 555
20 113
62 955
497 399
334 555
759 467
814 497
946 588
711 769
344 262
365 320
826 738
403 216
205 337
639 317
206 655
156 941
653 425
584 507
33 107
90 108
823 402
680 473
20 343
539 801
387 813
778 391
985 761
32 647
913 191
971 887
71 542
422 578
257 870
402 444
3 262
862 468
413 482
887 230
725 647
670 745
854 469
288 202
713 525
714 510
934 413
330 487
846 132
442 157
387 417
580 974
9 956
644 612
874 559
321 677
837 591
269 498
553 703
572 314
721 603
369 657
479 970
526 234
319 552
732 523
109 313
308 852
366 472
115 558
663 521
207 523
207 70
274 646
357 224
140 496
819 823
507 2
415 117
769 30
457 276
529 203
720 648
209 261
963 192
798 852
32 403
525 215
15 74
911 868
2 534
352 741
839 731
43 885
778 87
63 163
907 313
914 736
529 255
952 211
424 791
557 913
295 12
156 432
732 988
758 500
121 588
474 400
117 598
288 235
92 116
36 601
163 851
845 510
167 651
352 451
151 717
923 310
393 109
124 740
505 244
939 551
257 315
152 15
384 82
745 573
742 729
671 845
615 127
437 45
211 345
73 504
754 139
612 736
42 31
6 996
508 750
302 293
375 842
841 424
969 355
808 618
878 909
402 826
697 483
773 473
868 428
633 257
357 129
13 799
452 171
74 834
218 623
991 104
113 844
152 231
84 691
177 777
407 235
395 675
652 326
946 342
458 955
670 125
990 485
927 373
882 922
597 18
847 142
626 844
530 480
471 293
34 70
34 755
751 866
151 444
900 242
295 614
207 319
392 863
442 838
251 849
33 390
344 482
72 167
199 683
537 419
921 918
611 827
406 828
273 569
80 817
9 800
522 454
859 82
512 751
764 556
489 597
643 867
183 855
20 3
362 716
923 843
637 920
727 321
621 830
782 585
64 588
125 602
36 107
20 624
284 949
64 226
25 785
580 915
172 160
743 12
831 928
836 614
857 275
89 364
307 293
951 532
237 17
38 569
185 219
666 299
446 340
300 618
924 231
1000 176
319 767
34 263
601 586
753 479
487 586
476 299
671 989
421 817
977 160
164 792
502 14
580 501
837 948
15 989
641 292
328 903
753 557
369 432
186 614
423 855
913 439
501 659
464 977
854 409
584 802
751 340
530 683
310 337
991 495
847 431
633 58
924 308
426 905
801 551
70 539
701 450
364 201
391 422
59 413
540 36
833 2
647 398
722 662
798 14
176 297
875 223
180 289
570 233
186 508
934 3
437 617
519 261
775 927
175 156
559 457
670 68
195 227
561 912
640 23
180 464
697 234
753 965
254 705
572 400
737 310
663 554
189 979
133 38
638 590
174 931
879 989
119 917
862 261
699 677
298 701
32 540
415 655
184 980
925 998
831 959
412 735
253 786
187 729
850 785
797 971
469 70
104 328
395 948
378 868
508 795
234 634
128 745
869 114
571 226
735 149
975 276
993 385
973 608
232 738
571 858
870 969
724 972
980 566
214 534
621 46
325 76
588 492
182 48
822 624
516 816
204 485
811 23
832 459
833 38
83 707
851 886
430 340
506 269
36 823
696 867
809 634
942 627
976 912
22 471
102 462
862 339
636 540
405 838
838 320
570 780
72 265
572 372
256 517
994 876
403 781
776 273
643 972
279 621
602 527
896 886
270 433
220 459
32 198
186 87
25 211
83 603
246 485
375 212
358 377
912 224
570 601
491 270
435 525
898 504
132 756
867 123
745 634
210 320
943 438
507 313
416 244
768 345
346 893
809 611
516 625
113 481
847 522
276 608
216 812
965 246
56 917
507 601
150 856
330 751
556 623
939 708
320 463
391 417
545 154
512 595
51 192
110 973
291 424
664 910
554 917
850 508
81 471
301 884
448 419
907 876
170 372
695 836
110 497
4 804
898 499
654 840
775 27
740 783
778 326
28 214
721 969
433 386
30 892
363 634
72 424
753 310
660 870
972 587
610 194
59 255
921 200
924 648
722 747
923 35
45 998
731 148
180 195
382 1
291 448
439 285
945 216
280 879
499 101
743 804
718 198
148 316
858 676
858 273
562 408
329 965
81 234
584 754
329 922
998 618
447 903
231 134
836 328
361 706
470 7
141 719
951 279
678 501
238 539
978 339
650 180
255 611
708 53
730 525
15 26
8 494
570 156
22 951
646 328
461 696
172 863
710 821
761 755
70 404
751 230
769 947
147 332
437 549
792 23
89 773
994 58
650 546
526 829
671 481
731 26
751 87
882 162
807 812
839 894
888 784
44 569
407 286
905 316
809 73
467 856
43 472
92 292
256 345
508 347
18 306
695 620
36 482
350 285
807 701
352 605
556 822
406 821
293 741
426 31
136 334
769 299
818 227
529 679
33 539
643 842
256 626
147 590
361 720
264 520
445 130
985 962
470 705
521 967
731 796
273 356
301 285
973 428
957 925
691 929
526 723
689 830
165 603
639 208
986 476
129 104
833 195
333 255
24 662
117 230
809 247
622 16
982 309
65 306
362 159
77 422
273 51
751 632
543 578
752 431
902 248
248 549
209 865
654 430
508 532
471 463
770 89
412 458
511 116
898 952
799 705
958 551
315 708
689 143
348 133
858 379
87 31
993 405
950 411
56 486
716 806
775 292
147 928
25 814
156 404
981 938
672 810
583 810
359 17
342 459
474 194
458 361
520 825
232 791
171 972
806 326
72 117
680 746
951 354
437 163
789 33
575 24
558 373
561 183
11 783
751 891
360 432
11 482
452 982
272 305
92 466
718 977
547 97
538 52
443 714
666 418
888 433
135 166
172 684
637 117
340 107
405 29
877 550
913 568
146 582
435 780
368 399
847 809
442 455
332 1
315 482
315 937
853 878
952 889
565 308
580 224
767 808
532 419
718 755
20 322
761 127
336 674
526 912
964 958
726 292
311 245
88 482
440 843
517 450
96 354
370 321
828 526
758 867
78 988
984 103
251 117
412 233
478 606
842 723
537 793
311 386
790 46
441 887
520 542
83 812
524 126
304 596
296 384
443 877
34 663
538 501
168 632
443 891
633 356
520 47
11 425
821 488
264 251
92 642
592 373
594 572
264 959
298 602
832 73
760 534
45 884
982 149
13 278
147 639
272 144
436 57
537 881
401 964
511 297
350 963
776 203
2 648
526 966
124 335
195 777
749 925
878 469
990 755
310 860
857 975
666 354
131 740
152 426
850 833
580 413
271 93
653 908
85 143
945 604
567 177
859 504
642 597
789 802
991 698
226 352
119 782
372 700
34 360
820 453
110 271
571 636
842 956
20 795
990 358
131 975
353 99
479 296
407 223
469 801
858 573
302 110
855 236
702 746
478 208
371 950
145 593
139 377
181 185
934 402
554 843
38 360
880 429
98 479
188 906
246 849
814 946
427 476
741 852
329 505
69 334
694 562
811 582
559 794
111 754
204 902
3 394
519 246
315 265
760 693
905 249
728 423
981 78
85 121
513 155
125 989
509 392
678 998
948 745
37 844
204 460
260 334
61 992
922 386
869 462
943 390
506 573
820 379
141 645
895 468
127 355
697 744
183 525
312 21
630 661
22 62
406 276
742 329
134 434
542 821
139 382
303 345
187 902
414 308
487 294
363 137
271 768
571 339
776 858
809 458
556 82
336 830
734 973
673 953
607 659
66 143
249 661
729 739
803 763
401 623
753 658
556 404
582 434
649 148
152 924
980 95
999 141
328 915
588 548
732 220
131 358
685 73
667 706
779 12
865 320
157 400
207 855
857 74
177 27
435 595
735 402
186 573
703 677
773 719
183 46
264 468
907 631
798 131
985 379
931 604
470 840
978 956
21 306
824 494
540 248
597 564
319 61
84 729
982 408
547 790
253 691
839 844
215 555
271 958
609 398
112 674
405 137
387 145
199 26
488 817
585 485
159 158
913 859
291 219
54 469
519 687
55 900
367 664
269 293
388 167
579 95
449 493
13 676
529 734
204 470
20 935
934 386
530 449
978 969
667 773
743 956
120 27
841 455
895 427
882 259
305 940
333 833
4 261
408 646
443 210
751 151
540 604
110 170
963 94
711 740
778 990
344 653
56 432
491 558
845 979
789 838
222 260
848 664
561 484
871 372
233 123
213 634
125 445
112 460
36 5
329 21
780 382
789 695
425 624
996 464
759 212
748 301
32 255
692 712
362 215
15 51
18 373
185 91
819 616
737 156
871 90
729 581
252 263
87 638
681 23
807 900
573 1
646 953
187 113
580 504
418 689
672 780
604 486
713 620
694 542
914 864
865 323
991 200
370 428
663 874
741 651
540 381
800 266
690 610
871 824
560 635
732 533
452 154
474 382
182 39
516 835
33 365
721 154
962 931
165 35
483 187
67 942
599 217
378 463
161 419
625 137
681 143
664 849
537 197
132 687
357 955
577 46
638 641
317 235
530 774
876 94
343 879
205 969
273 826
272 718
537 215
936 784
611 260
294 80
760 873
816 326
350 616
709 5
910 581
784 228
640 121
640 787
36 369
916 523
738 202
258 727
627 432
160 432
923 356
579 947
526 259
158 932
88 299
436 619
389 123
698 430
866 870
98 147
776 578
133 496
999 163
182 486
802 139
582 896
673 683
544 969
952 717
368 859
645 803
832 551
188 384
403 988
764 303
319 671
784 647
785 82
629 781
968 643
358 58
516 198
698 503
920 444
332 282
172 473
726 78
600 793
784 790
490 942
288 581
145 249
109 200
952 556
735 867
721 123
78 893
299 624
985 885
502 450
640 495
346 760
312 80
978 399
369 417
669 108
962 150
336 791
196 867
714 992
218 134
806 271
682 322
294 243
138 150
851 998
871 65
11 472
304 173
397 815
34 107
824 90
471 386
199 761
699 432
993 296
518 887
161 908
757 414
250 100
499 296
443 997
420 956
511 136
367 786
59 974
258 786
957 318
228 975
318 386
726 944
766 75
487 606
588 484
680 93
720 623
516 824
593 525
667 114
63 638
501 216
446 38
340 844
562 582
346 257
996 962
807 396
349 659
672 589
45 966
732 750
926 42
413 109
235 917
182 700
807 936
423 518
332 835
703 860
846 614
284 817
174 976
357 272
89 125
359 492
128 402
496 1
32 777
371 652
613 385
943 691
747 793
117 684
787 821
149 909
590 956
146 112
718 430
239 738
405 800
729 877
514 802
981 247
620 345
965 109
897 193
8 925
511 88
781 768
442 689
59 677
831 884
426 352
814 898
333 228
912 876
591 108
254 512
610 521
341 889
900 197
841 812
742 480
374 142
448 241
836 314
309 816
316 887
798 42
520 773
81 689
392 834
924 114
564 887
999 213
391 576
985 68
587 581
199 525
777 746
48 361
544 656
616 893
449 476
440 38
376 548
749 161
694 97
948 804
553 409
865 980
922 292
882 599
799 796
663 640
172 704
287 659
727 235
175 158
565 183
144 834
469 1000
56 932
811 852
278 157
463 548
615 107
121 104
453 467
512 407
839 788
473 240
952 712
681 398
785 10
440 590
443 536
109 419
942 487
873 944
324 30
250 447
818 623
750 410
145 118
935 795
348 269
204 10
922 244
557 522
649 761
814 726
652 533
30 193
48 872
821 608
491 389
56 113
383 718
972 460
666 675
778 143
743 94
431 935
124 411
531 589
860 844
483 884
329 313
60 101
418 548
171 42
302 418
818 620
26 720
53 457
838 619
768 723
199 39
570 713
572 136
457 938
593 21
41 505
486 460
333 274
43 571
834 793
745 287
247 827
848 27
243 149
415 607
159 682
109 822
272 966
735 733
424 621
478 245
10 624
818 155
32 589
769 424
716 420
111 616
238 864
978 904
849 223
324 733
339 830
139 173
13 630
415 381
205 952
476 381
554 451
403 378
578 52
581 462
543 283
446 881
178 467
342 456
161 717
68 684
809 154
881 535
22 160
939 493
693 46
464 523
916 915
929 12
997 52
36 655
509 927
809 905
385 271
694 158
280 686
758 873
63 573
742 247
946 274
329 398
141 842
98 741
715 614
916 176
207 41
132 615
295 149
37 400
834 585
615 460
208 347
393 296
735 713
268 505
415 815
397 272
324 880
538 151
679 709
792 109
98 418
832 649
562 469
176 536
558 537
124 24
328 120
858 486
789 213
350 590
439 860
995 513
147 535
360 739
194 872
361 701
322 941
55 161
607 500
2 664
646 849
667 803
483 999
393 192
982 2
978 878
272 766
185 760
19 93
718 926
77 924
23 800
133 142
536 817
617 80
853 901
622 419
344 683
678 922
402 724
458 265
930 876
811 176
773 521
577 963
597 282
691 870
29 915
583 795
33 80
734 840
914 922
718 803
645 244
593 707
43 404
978 668
461 456
458 416
118 683
540 561
708 863
250 38
106 867
183 454
694 213
15 465
272 614
738 380
361 498
667 501
371 944
495 464
906 294
264 635
746 236
423 87
819 856
201 162
552 488
678 215
516 920
351 227
519 432
742 303
547 746
357 771
853 910
985 989
714 766
396 705
418 306
37 166
55 523
605 80
333 883
520 661
610 861
611 586
431 103
144 623
180 488
370 867
773 381
115 158
962 236
832 566
682 118
506 801
655 308
344 38
678 682
256 114
330 402
845 583
152 3
465 822
559 263
376 44
319 884
128 39
431 270
34 398
986 211
364 263
751 154
751 849
438 212
993 598
388 51
100 296
837 589
676 589
145 886
643 242
871 309
204 382
702 453
961 384
431 129
510 896
531 735
950 162
775 277
554 17
789 667
846 499
349 553
775 518
98 318
171 156
734 913
13 689
15 39
933 608
845 777
864 707
369 27
580 637
579 527
216 893
902 228
694 667
916 641
789 637
95 922
628 542
557 294
152 359
814 623
139 374
9 940
5 918
314 738
226 197
118 382
792 73
846 828
633 492
924 606
189 897
637 350
690 792
565 935
307 59
751 458
808 500
41 162
976 117
280 983
98 866
559 979
2 762
465 631
585 825
379 86
159 892
644 614
77 803
133 646
447 559
980 747
769 689
285 822
713 93
362 117
933 53
654 468
314 583
173 953
519 86
25 950
962 804
725 376
725 533
965 868
675 409
931 556
289 899
509 83
164 197
367 373
885 488
764 751
406 786
671 440
748 830
566 134
978 371
823 621
312 746
302 780
238 235
406 249
442 86
281 894
873 417
302 261
305 445
839 38
343 93
366 347
630 740
96 843
387 9
775 80
282 93
959 194
257 61
138 706
357 97
639 894
711 413
750 855
538 493
92 600
309 462
993 779
386 979
208 804
923 559
943 544
124 534
430 973
237 423
111 776
288 791
222 479
481 669
814 130
625 144
545 852
265 896
140 85
342 930
695 112
471 735
516 74
471 46
77 836
327 881
443 435
173 155
597 665
207 467
15 583
344 631
643 893
366 445
845 745
490 84
218 280
851 104
725 665
765 125
819 710
514 575
696 454
963 969
128 24
330 691
539 998
258 919
886 900
831 374
814 282
579 828
946 617
550 380
341 998
343 269
270 23
510 262
936 953
152 969
848 656
705 313
708 325
502 12
302 89
729 870
72 618
107 598
509 184
184 451
735 653
367 488
403 750
633 79
16 799
990 79
997 316
740 240
138 963
679 943
472 905
438 400
988 868
645 290
664 263
471 186
484 386
491 724
682 417
252 340
54 808
23 971
37 566
981 390
809 999
449 265
265 154
815 102
655 909
711 288
15 354
841 45
711 561
810 793
560 892
178 91
138 302
121 929
231 10
289 842
749 585
805 316
914 542
570 659
55 295
994 954
3 648
577 760
776 920
879 522
282 404
305 416
749 399
914 228
954 386
717 166
107 322
239 425
520 584
225 198
959 249
882 987
716 657
89 137
270 118
71 308
164 362
862 65
865 483
115 875
832 148
156 211
391 120
211 955
784 791
358 574
141 134
254 273
592 858
441 962
81 475
978 709
869 293
302 107
365 998
820 439
52 236
823 479
529 53
939 780
663 573
26 963
996 73
357 52
784 608
395 347
969 548
895 505
571 872
970 768
554 886
312 629
494 296
97 404
873 608
687 635
507 206
905 955
764 977
936 219
237 105
790 421
538 386
352 657
115 367
832 235
167 373
56 975
801 381
32 995
913 347
254 614
778 313
706 233
649 628
302 772
945 928
746 454
754 949
937 80
604 99
824 522
677 768
879 230
556 843
630 285
478 194
152 248
836 577
48 626
341 664
766 262
911 662
974 626
516 38
882 546
738 872
61 724
832 824
686 941
54 75
968 296
625 268
435 813
415 966
974 799
258 197
576 317
904 154
481 500
264 740
593 549
709 676
157 103
530 643
712 226
324 744
329 962
199 59
397 451
882 891
728 291
597 532
653 658
374 861
947 909
855 556
699 669
626 542
292 108
754 385
865 223
60 709
776 921
79 534
814 252
820 642
603 306
305 459
566 848
309 968
974 986
350 479
170 609
770 600
891 852
442 813
56 275
431 791
566 963
662 618
537 286
23 739
996 645
639 721
11 572
391 562
983 905
839 467
916 499
225 813
204 842
278 449
918 958
423 552
688 370
55 623
980 589
504 382
567 127
649 845
588 621
572 106
43 287
332 908
294 863
9 384
776 948
279 404
600 355
802 172
231 586
839 241
772 590
695 219
92 455
582 350
882 596
404 955
560 561
387 559
616 99
533 903
711 744
85 693
449 76
985 434
470 716
435 324
698 476
699 909
991 347
836 786
243 313
631 736
212 283
174 558
690 840
312 424
913 334
740 367
346 505
552 889
554 72
55 606
577 300
779 552
281 645
1000 956
231 39
878 536
129 826
808 894
809 926
756 435
256 267
831 788
336 334
541 463
814 727
999 919
410 665
151 321
509 306
805 997
717 835
75 648
205 729
24 27
333 47
961 305
725 131
526 923
565 705
164 524
39 51
629 717
782 53
392 793
430 80
512 130
470 251
698 736
92 695
36 388
147 196
369 500
649 681
722 432
540 431
834 790
708 867
985 738
529 525
415 606
988 377
254 856
831 424
776 930
998 331
545 909
819 836
16 162
749 944
722 596
474 479
148 938
862 721
737 467
376 896
596 296
959 372
639 120
363 941
549 94
73 922
237 471
207 242
906 646
707 116
690 228
702 641
583 804
30 956
35 786
487 741
57 821
435 536
978 862
208 45
607 861
652 296
571 560
178 419
345 657
400 292
766 1
735 14
968 556
974 903
431 79
8 169
63 827
138 552
934 962
410 747
819 35
823 779
785 474
788 591
769 619
681 665
114 983
254 315
254 301
10 958
182 402
168 903
188 463
174 318
476 41
767 270
255 122
440 473
60 898
204 676
775 848
939 795
688 724
508 716
750 317
149 693
770 368
284 940
296 852
200 93
725 444
36 23
530 625
982 782
731 400
752 374
452 163
729 887
338 148
11 315
378 271
560 977
876 404
494 149
897 532
312 444
700 381
662 428
538 61
595 68
461 229
765 31
997 462
708 631
303 598
32 933
178 721
948 627
914 776
609 96
985 743
810 969
43 205
924 626
246 441
642 14
284 158
767 479
125 414
89 549
2 180
449 890
869 474
247 474
43 479
984 193
784 710
214 958
695 135
436 59
535 793
520 952
978 300
281 479
458 93
196 932
8 515
469 803
435 751
368 923
752 144
690 49
167 266
43 888
407 481
185 39
747 717
416 481
596 400
339 614
985 418
205 334
248 68
978 517
557 783
689 638
389 941
980 75
466 890
945 546
622 186
714 27
748 142
255 674
57 98
991 126
30 649
225 62
833 116
317 91
924 421
357 553
800 123
307 529
888 383
927 743
991 203
509 382
753 957
312 35
241 94
59 179
829 480
423 772
619 27
376 694
496 971
731 287
469 812
254 662
737 641
256 924
168 689
437 414
974 386
686 127
782 228
35 929
309 680
491 573
845 550
439 821
461 989
728 966
253 706
248 628
285 581
252 83
267 589
435 104
92 197
473 656
633 308
918 973
298 903
631 587
959 517
547 390
48 674
231 434
965 915
514 672
395 180
486 658
438 358
456 197
874 85
744 421
928 451
506 347
798 134
605 935
344 221
728 530
327 417
165 556
739 801
976 413
275 642
117 424
9 938
814 620
891 106
476 212
654 367
508 659
969 804
490 282
811 596
695 870
403 235
850 704
134 722
853 154
138 657
677 817
289 208
897 635
74 229
57 306
422 963
205 465
776 19
330 958
379 793
9 241
597 720
273 781
232 305
475 1
489 439
252 473
218 217
309 339
37 126
820 748
960 922
775 90
878 904
670 706
505 102
361 297
948 107
383 889
713 810
327 595
291 50
718 826
471 31
168 455
774 150
330 987
726 201
945 49
388 691
340 589
961 631
344 851
767 701
401 361
369 108
2 200
56 701
811 85
245 29
357 755
58 979
895 628
577 136
88 344
966 536
186 200
509 963
734 179
19 375
222 999
146 821
206 93
389 94
672 91
66 934
866 219
584 354
208 488
703 923
752 137
537 646
13 398
173 615
374 488
319 866
565 651
839 363
204 392
14 665
167 884
39 212
516 955
332 495
596 684
317 413
652 411
168 173
851 317
854 108
646 682
639 261
489 713
787 165
550 963
819 288
402 253
819 919
779 536
562 488
365 891
803 58
686 720
588 596
874 358
370 889
920 828
650 775
970 852
388 335
541 287
121 153
946 337
968 200
375 282
344 493
495 398
703 96
210 596
346 164
47 326
913 41
162 137
474 407
535 929
338 871
67 713
780 561
346 969
379 286
566 924
291 433
311 359
709 750
387 994
389 906
528 842
999 321
927 563
16 904
881 830
509 981
378 722
222 412
205 508
620 900
522 987
282 394
711 950
145 687
52 763
153 193
88 12
311 606
370 707
370 140
423 410
936 612
580 47
643 573
965 717
713 741
270 966
436 489
965 863
846 309
11 456
248 800
833 251
470 194
543 593
773 908
866 574
278 656
335 106
466 263
449 136
746 430
105 830
470 904
367 49
716 317
712 861
898 413
15 17
207 497
207 44
962 720
600 136
211 604
303 407
361 372
639 105
859 856
453 85
107 661
510 87
846 70
77 710
959 308
816 634
252 906
770 824
954 635
423 249
218 669
435 734
405 651
946 975
670 500
47 446
712 800
392 528
566 549
553 823
436 989
571 231
772 599
999 741
811 251
370 105
560 441
246 481
47 581
729 444
639 129
24 527
550 233
491 713
734 175
272 244
575 243
704 563
209 769
563 334
339 229
583 548
968 17
72 1000
141 818
552 18
647 523
809 686
866 842
106 384
828 586
816 44
483 56
821 286
981 340
358 18
287 455
567 842
960 710
291 896
608 334
655 793
847 832
756 382
231 523
728 45
584 423
490 528
694 331
537 321
206 551
649 968
257 116
258 597
849 498
350 108
273 407
113 44
47 578
387 239
999 364
267 578
89 689
880 823
347 432
931 123
187 522
666 414
613 949
175 979
672 547
196 852
25 40
745 193
859 429
21 414
183 400
916 611
426 359
743 987
282 861
850 381
840 863
875 893
750 891
16 214
931 105
68 106
330 97
43 538
557 372
278 714
645 908
945 388
