1000 9893
301 694
910 604
363 750
290 696
474 141
517 791
510 839
39 471
208 977
523 394
1000 677
990 552
972 19
541 34
285 996
556 609
388 499
283 207
87 553
643 639
751 518
421 117
133 321
431 44
342 985
515 697
218 603
971 43
222 99
623 89
66 919
305 629
516 21
536 747
210 554
874 709
395 580
281 669
182 652
143 958
681 99
791 994
463 157
981 464
434 949
576 246
488 694
211 25
921 302
171 955
577 732
995 637
672 584
303 538
111 621
44 346
318 777
391 199
129 593
783 925
187 162
512 571
510 340
111 944
292 638
884 240
479 572
581 816
341 699
127 880
489 360
785 811
184 26
737 466
257 164
509 742
242 995
168 962
449 667
674 84
582 139
310 616
998 517
303 465
649 387
426 12
856 633
201 188
768 319
327 444
792 437
587 328
496 215
283 171
229 699
588 118
915 286
985 403
338 697
456 948
528 825
717 551
611 60
26 490
338 584
501 140
486 720
251 445
967 419
127 198
112 101
478 372
227 692
732 655
288 528
598 4
520 859
335 442
171 590
454 284
883 698
240 648
849 894
866 948
409 173
546 822
763 548
932 63
790 181
261 809
762 372
346 613
220 104
681 650
645 879
318 805
796 717
619 434
264 268
975 409
832 665
908 358
432 55
676 794
401 952
828 589
324 508
971 875
772 872
609 346
368 915
667 754
911 886
664 15
350 662
812 383
579 412
8 774
734 335
52 260
716 739
309 147
74 7
995 428
685 536
265 85
398 869
242 233
414 903
65 800
122 947
419 941
185 847
338 891
744 906
502 910
843 974
228 911
374 244
265 640
269 376
736 921
717 355
810 172
539 358
799 421
340 179
748 848
507 578
734 263
203 333
904 952
120 541
446 524
891 824
178 133
344 165
594 765
80 687
647 602
87 932
454 489
153 882
909 423
681 452
954 651
885 44
637 923
999 20
368 232
75 706
573 351
41 566
390 675
723 974
929 278
336 444
258 337
131 709
940 853
229 115
33 599
896 467
415 133
219 780
723 763
115 207
496 891
832 741
559 626
693 556
720 646
132 796
993 918
137 610
945 779
341 642
909 688
966 931
56 526
333 30
229 93
836 75
30 6
346 219
480 966
518 235
167 923
439 598
478 279
600 782
192 80
95 693
423 194
206 758
393 59
214 205
437 290
225 968
851 876
105 626
89 712
754 33
720 81
459 135
42 101
740 28
924 843
119 113
179 260
694 613
146 455
901 181
761 756
578 450
414 716
398 209
330 779
722 805
464 573
674 576
930 694
736 933
398 832
937 242
833 33
463 922
688 876
728 265
969 545
472 455
199 876
537 805
596 256
502 295
620 510
161 861
809 89
630 35
883 616
249 4
891 693
620 13
748 90
309 802
787 622
991 541
278 103
886 456
157 878
468 337
469 760
408 434
832 948
905 808
842 245
973 327
864 261
112 538
976 53
63 725
163 3
310 470
132 978
723 59
444 552
945 85
709 244
603 529
567 250
751 393
625 813
131 590
975 337
448 730
233 84
641 493
205 486
2 22
506 871
103 523
785 846
309 440
502 794
501 928
46 921
858 355
841 631
592 699
349 824
336 121
65 605
980 910
217 650
698 443
493 205
440 423
557 388
1000 63
543 689
324 633
553 945
5 194
63 476
23 2
511 526
604 767
351 465
692 435
622 52
569 168
915 404
421 227
630 579
869 741
181 547
420 941
504 534
126 653
243 903
156 790
108 127
38 342
126 79
852 142
744 527
528 588
502 259
734 110
149 572
60 105
300 568
249 32
235 737
527 551
130 411
975 241
135 910
585 879
235 162
255 175
944 762
323 519
140 782
969 25
516 618
59 1
296 717
499 454
600 283
70 387
384 304
791 417
817 46
581 29
512 572
231 660
491 747
244 289
262 192
779 502
63 197
931 179
384 94
979 671
286 85
159 489
181 161
932 559
368 872
537 185
426 344
138 212
926 5
711 785
434 309
107 825
881 558
290 853
428 397
730 829
768 18
539 849
612 313
355 848
104 80
346 949
536 157
555 203
759 299
426 352
358 820
87 494
661 555
938 96
392 4
319 683
678 870
937 296
323 125
259 308
759 73
482 407
708 665
442 642
942 586
453 738
787 859
402 327
518 537
501 139
709 598
30 839
931 257
469 606
311 271
1 601
308 835
802 685
106 878
732 942
820 546
330 406
177 9
620 891
112 546
644 539
810 815
84 5
118 584
46 277
989 219
186 152
617 660
302 553
271 609
646 930
962 760
907 89
812 446
751 310
988 900
863 808
438 564
722 216
923 787
194 897
600 644
470 818
863 953
384 937
771 711
634 879
319 11
267 932
181 54
163 535
203 546
858 202
117 513
254 679
807 183
316 754
43 74
225 931
639 996
986 54
476 968
402 999
904 381
155 677
872 177
599 166
809 672
357 759
939 293
192 686
688 611
372 980
213 72
217 13
787 153
133 375
541 154
339 542
543 828
329 468
990 771
171 792
235 814
435 224
516 95
40 784
312 597
166 336
942 721
778 862
622 697
183 695
22 91
614 761
229 840
800 361
88 171
692 368
342 736
853 732
784 957
119 247
260 706
245 396
62 882
628 707
700 208
791 267
300 806
944 722
28 725
658 700
58 272
205 671
443 214
942 252
728 648
250 724
667 111
36 335
870 98
447 311
968 486
271 581
309 306
377 602
8 771
480 704
153 350
742 40
451 65
167 429
806 853
38 675
116 851
962 591
64 830
622 477
107 880
551 995
552 515
310 823
59 757
190 329
542 226
160 940
323 168
20 136
522 118
246 544
161 54
329 948
536 166
369 427
132 337
995 459
333 720
617 349
548 821
346 877
882 107
55 54
317 316
209 467
265 449
29 360
820 149
515 189
470 282
952 5
578 451
62 240
448 292
730 134
255 737
825 362
682 37
211 74
773 906
762 791
378 28
955 35
531 184
113 281
387 208
908 446
386 776
5 562
192 967
998 183
767 376
108 171
507 895
762 88
46 145
364 924
670 847
140 238
13 120
287 361
434 911
608 590
4 397
156 576
822 609
174 576
349 81
73 55
914 679
64 350
391 221
84 657
953 720
550 914
699 436
771 835
600 636
500 961
357 856
31 27
604 463
435 854
578 814
873 506
860 16
383 901
812 147
328 816
665 407
8 910
725 783
906 939
541 296
108 775
399 170
475 976
17 977
146 215
868 483
670 162
432 572
807 127
204 16
99 314
959 128
194 26
32 353
105 621
753 297
368 265
976 456
462 795
229 564
947 761
252 379
159 985
41 262
39 311
796 402
174 554
400 419
204 837
188 322
845 823
212 328
875 504
964 863
643 398
865 546
701 156
832 469
740 742
958 309
762 922
501 182
782 967
360 746
443 67
400 321
792 791
335 323
740 629
616 491
175 154
307 274
594 706
994 232
26 182
689 606
340 458
966 2
658 851
843 469
644 752
791 109
775 552
407 868
17 866
600 365
333 473
415 62
73 467
774 627
921 221
741 996
957 551
281 62
616 533
514 84
110 685
625 895
41 670
873 325
970 55
305 273
533 405
827 116
741 710
758 684
963 340
107 154
140 677
641 456
469 607
699 190
976 985
262 80
340 876
807 428
475 19
650 505
854 649
56 950
772 916
100 391
877 697
842 908
590 294
117 836
264 786
638 530
324 606
311 932
276 921
632 583
375 61
602 99
18 176
949 600
773 32
557 649
216 329
542 11
270 42
166 75
901 140
428 978
472 98
511 771
443 547
759 249
407 851
865 590
762 958
464 917
943 103
691 502
801 522
321 534
936 271
311 409
402 471
79 877
321 685
822 783
344 890
757 234
204 734
705 327
908 177
639 202
758 204
374 709
547 501
583 499
931 786
948 668
474 971
535 140
171 334
222 921
831 821
580 523
173 203
804 115
918 239
850 241
281 26
600 504
654 725
591 58
577 984
135 32
855 876
404 71
81 854
962 761
390 118
533 238
627 255
497 998
525 118
544 793
11 252
885 164
686 188
966 980
561 310
936 868
82 715
391 745
626 780
203 549
650 108
924 579
800 593
945 600
360 72
432 629
842 928
632 500
134 292
997 260
636 452
263 576
107 922
381 575
844 185
350 950
646 131
816 602
191 290
967 829
743 794
542 323
660 650
735 182
991 216
122 147
639 366
397 385
36 583
311 735
494 723
133 391
762 867
545 975
632 369
393 859
469 287
236 126
29 617
356 679
400 137
365 559
540 245
779 919
361 612
72 529
568 758
17 144
606 82
866 999
44 623
563 957
13 420
273 447
899 616
299 546
469 851
827 865
554 747
727 648
214 805
603 582
646 630
3 496
603 567
819 626
245 551
567 144
235 395
880 580
618 195
955 114
666 195
68 57
90 529
987 261
91 328
936 581
594 97
78 118
44 66
172 15
733 938
112 956
738 832
206 986
470 754
615 394
564 680
266 471
789 503
260 159
437 14
129 885
683 298
159 861
924 560
203 485
217 684
436 970
493 231
63 85
214 195
590 286
262 725
656 768
290 514
845 372
332 393
995 347
320 577
428 884
569 146
551 38
422 158
954 23
27 330
677 412
313 349
812 929
887 511
688 671
230 806
577 708
195 929
151 154
942 643
616 500
782 1000
877 342
933 68
562 686
721 706
1 742
809 95
921 565
518 881
761 310
136 655
249 10
247 531
675 610
896 885
453 112
511 142
773 589
49 291
912 239
841 223
14 547
201 120
960 396
524 980
528 415
747 37
788 929
382 8
991 918
888 397
444 443
706 770
157 654
304 206
614 718
949 658
771 834
858 369
443 245
580 466
945 75
896 433
91 295
715 929
76 689
495 201
619 868
722 327
88 220
153 313
462 301
547 969
181 331
993 545
708 92
270 531
107 142
574 637
116 551
87 230
95 593
753 462
446 67
391 545
416 146
570 895
609 979
756 614
557 531
315 872
947 587
143 86
312 978
795 527
762 598
764 424
360 958
921 981
874 927
820 25
308 309
133 334
356 537
965 629
986 944
861 548
477 827
298 414
407 16
19 799
88 70
130 375
44 785
779 846
732 678
179 222
718 881
130 486
597 956
822 979
571 593
110 848
1 492
700 42
116 744
740 827
689 831
529 854
583 415
625 749
366 681
804 16
595 437
407 581
600 285
158 725
215 412
534 16
917 392
654 616
847 203
794 453
153 507
979 835
48 239
615 955
448 649
141 363
58 440
521 800
584 128
603 748
770 125
841 823
977 439
372 399
814 738
944 659
845 248
473 192
618 306
376 569
453 859
59 572
686 651
781 929
730 827
548 616
424 970
132 411
925 437
389 116
670 159
489 536
678 698
116 729
537 292
731 268
345 249
899 712
652 944
925 356
92 110
803 792
517 42
221 920
616 181
32 108
674 535
749 49
536 556
331 152
575 373
943 497
838 745
921 723
558 536
540 99
923 109
905 426
212 476
145 493
734 441
572 332
937 89
876 90
126 393
112 247
791 3
597 848
607 643
909 116
9 791
787 680
606 501
79 898
705 503
374 730
819 379
751 756
571 490
609 147
409 35
11 819
253 892
646 746
309 570
292 808
59 47
925 764
500 907
529 963
767 887
254 158
239 302
684 361
222 696
922 274
693 725
875 734
676 773
538 802
334 129
816 128
897 65
458 905
189 807
125 245
362 729
94 892
884 326
741 475
542 132
500 591
824 489
632 390
284 291
647 991
413 146
65 948
244 717
910 650
679 123
494 263
111 959
655 242
200 752
420 513
368 338
631 243
298 165
209 54
446 373
90 259
933 845
881 20
645 89
869 571
345 728
491 301
844 495
593 553
888 839
8 737
562 568
867 167
942 727
545 959
624 976
967 384
292 392
154 425
947 236
291 880
168 5
83 498
545 665
340 259
164 81
932 94
607 476
166 786
760 317
706 831
525 473
132 588
955 4
629 165
542 548
814 969
764 652
143 940
649 964
818 391
59 809
940 118
7 73
979 744
806 843
384 24
132 686
713 615
169 679
967 276
63 199
677 839
803 660
751 42
163 565
57 26
792 163
594 275
152 258
836 340
17 900
489 583
915 159
552 803
863 701
332 59
43 936
29 245
492 886
807 42
229 542
786 631
485 612
605 903
859 443
18 249
751 889
790 891
900 696
152 591
248 804
84 394
565 197
977 141
880 281
164 546
991 63
457 1
5 286
605 681
271 511
866 311
632 973
834 392
161 850
459 597
922 871
801 674
253 593
325 164
610 18
666 352
121 199
1000 862
359 69
403 391
681 293
455 950
922 57
926 961
296 105
969 98
122 128
720 936
205 560
226 404
872 883
123 865
289 637
225 970
383 673
277 20
229 953
727 540
650 963
110 518
382 491
629 810
261 512
941 414
410 614
949 947
508 325
665 484
578 863
595 871
462 306
565 579
608 234
735 483
457 658
205 116
135 265
584 67
472 733
508 555
452 403
915 989
185 248
901 722
849 33
320 785
622 366
626 853
592 845
935 439
630 821
86 104
212 918
485 422
802 488
52 255
110 45
341 231
217 937
364 712
402 45
282 759
265 441
265 483
748 614
187 830
852 580
446 269
192 775
212 330
381 953
408 991
246 121
528 560
340 246
786 504
606 265
420 142
757 867
924 366
122 426
412 570
306 21
731 796
633 798
151 415
559 2
988 73
250 342
287 335
58 517
995 528
317 996
250 441
186 191
566 522
685 313
615 952
121 332
843 915
272 314
561 324
926 588
465 396
514 82
970 688
810 985
742 404
466 147
837 416
287 899
254 242
71 1000
845 917
662 181
629 782
975 310
542 917
234 262
242 829
651 53
278 487
620 726
220 708
152 92
548 538
785 952
846 458
25 579
835 538
98 156
272 513
569 382
63 108
485 474
15 538
83 335
794 856
250 67
663 842
56 5
185 359
721 373
601 815
201 806
30 537
416 925
810 37
138 742
952 963
911 801
881 248
170 279
892 472
770 582
2 508
847 596
744 735
301 997
305 660
184 630
477 911
408 682
519 871
351 539
335 390
853 709
356 995
418 590
164 62
719 300
297 475
170 875
555 398
512 846
288 754
861 203
384 497
610 333
560 634
119 993
871 54
893 730
813 564
161 734
877 572
665 106
215 419
804 204
842 411
756 197
95 334
68 199
241 701
365 539
258 619
229 468
358 312
819 822
324 504
271 659
699 220
827 259
42 585
573 763
580 201
239 124
63 162
216 747
732 307
56 852
864 402
21 666
336 68
851 743
411 562
368 629
76 190
2 248
374 111
123 253
531 850
863 745
789 534
377 634
514 995
968 615
971 312
365 233
424 709
995 142
388 32
561 744
692 118
549 555
87 636
998 626
359 668
624 755
566 714
113 370
331 135
369 968
333 877
762 865
62 689
363 246
369 601
903 778
453 17
580 917
652 522
793 173
457 462
86 957
188 106
852 193
947 239
804 300
396 46
514 329
932 200
878 772
809 259
116 363
301 487
304 341
325 481
861 47
534 255
348 902
614 425
462 138
780 27
747 200
654 516
951 450
783 977
96 53
138 294
943 671
570 293
254 778
241 996
522 384
758 746
63 992
285 294
253 466
882 418
940 692
803 262
256 195
202 655
449 369
345 485
56 880
650 14
82 572
323 314
625 655
234 643
78 640
494 177
665 587
260 297
246 598
360 821
228 277
646 365
252 338
289 472
645 43
678 503
541 202
528 823
32 38
730 133
179 441
223 55
915 346
153 647
647 883
139 884
839 274
477 140
342 545
296 153
773 681
577 56
151 5
395 607
583 6
899 223
140 771
698 719
567 228
365 674
380 498
667 216
943 895
361 727
197 121
550 695
991 515
615 919
338 193
448 897
840 387
952 152
582 247
71 886
333 900
738 401
844 478
766 59
102 8
234 144
950 250
399 608
68 31
513 190
950 149
497 979
765 170
854 917
774 214
940 234
264 539
941 703
449 513
980 795
399 391
418 284
205 196
820 734
655 998
563 357
793 200
172 930
416 148
608 440
972 953
68 87
792 303
27 150
765 750
950 576
204 98
636 125
527 510
506 406
825 282
133 472
613 667
9 997
677 446
36 522
937 321
22 621
678 47
282 918
100 945
675 853
947 920
804 567
731 625
933 149
695 986
700 736
942 669
355 325
377 509
322 518
624 906
236 64
649 951
852 138
925 962
350 347
559 13
211 243
193 396
823 33
391 284
283 703
723 565
343 615
974 959
757 53
40 181
178 314
935 816
166 859
760 374
974 857
187 185
996 689
492 912
220 423
647 162
530 940
656 383
965 267
789 61
537 12
258 567
577 787
324 276
474 473
898 583
21 276
190 437
889 658
836 399
453 829
842 824
592 667
42 372
561 912
747 877
472 553
77 942
560 328
618 722
602 255
674 192
506 592
717 158
973 372
977 881
959 161
229 964
657 627
693 85
398 115
490 323
455 134
437 663
26 674
943 852
416 926
694 545
787 661
455 23
169 60
204 789
857 197
514 830
790 659
176 729
723 748
977 684
526 137
515 664
18 992
517 458
95 210
858 179
743 550
249 230
875 374
914 294
165 992
41 146
424 38
334 553
588 488
349 244
829 202
634 98
965 794
452 739
254 339
809 294
131 974
46 63
69 102
162 584
168 329
150 233
447 569
267 399
732 857
552 495
736 284
270 235
279 572
317 745
67 746
603 556
624 449
127 662
185 635
962 837
615 189
747 269
140 757
896 379
629 32
722 69
673 527
985 781
488 851
115 20
171 358
985 958
432 778
586 615
742 735
992 306
225 709
928 554
897 353
402 705
455 143
646 100
404 279
885 858
411 565
484 965
469 901
18 497
381 587
78 469
996 120
800 707
910 648
638 525
470 387
354 382
846 990
904 353
262 639
621 294
539 607
887 103
907 967
494 615
481 644
152 996
999 766
986 967
805 257
806 90
839 703
26 600
178 815
130 650
717 710
442 648
795 132
292 898
175 238
666 667
505 473
362 306
199 677
607 312
973 958
723 855
46 232
528 295
355 152
253 572
434 886
553 244
519 987
898 88
737 992
847 111
524 898
841 2
440 997
702 989
599 591
361 421
508 460
514 27
435 954
479 476
41 731
483 662
564 917
893 991
474 383
606 572
874 830
167 688
980 657
893 944
675 229
713 314
94 975
2 585
132 680
555 716
797 650
48 407
450 279
696 611
659 601
752 350
792 54
388 961
501 888
542 230
445 551
858 315
592 867
78 390
962 365
156 468
621 744
177 983
18 469
842 963
916 334
590 285
295 356
359 844
33 240
142 786
270 199
493 501
388 300
961 348
70 528
271 219
238 810
332 283
902 907
619 745
285 907
986 808
181 714
249 444
536 697
645 377
493 697
773 775
188 297
407 9
877 339
770 527
257 736
240 920
95 298
303 953
363 98
442 543
739 287
196 68
89 758
766 953
878 950
457 122
644 810
41 891
919 112
799 462
302 114
197 120
933 308
681 299
295 735
408 385
796 620
448 898
896 978
421 409
876 465
474 561
946 158
418 968
382 489
315 304
797 588
510 397
295 74
814 709
484 296
765 469
440 334
298 660
617 114
390 204
214 256
289 959
676 573
881 517
347 225
920 935
25 613
690 849
353 250
881 662
38 941
310 902
936 125
982 638
233 667
108 545
238 228
95 805
167 152
25 647
378 491
12 907
161 327
109 514
848 7
155 353
82 835
178 514
415 819
414 642
473 70
330 729
402 186
520 361
833 230
118 360
283 197
820 484
313 606
703 361
83 624
729 38
468 958
434 250
882 764
352 607
977 720
173 543
728 234
527 780
179 178
467 239
259 155
813 608
101 862
265 782
395 971
59 294
187 365
940 613
244 874
123 959
236 758
737 959
59 151
611 962
279 426
597 667
926 547
253 853
568 911
699 359
679 901
558 46
136 795
232 560
84 689
713 7
605 17
172 428
500 801
713 144
183 300
483 917
28 662
945 965
968 34
756 385
793 185
867 1000
516 939
208 262
605 158
923 955
372 951
238 422
304 797
470 245
242 108
262 769
446 98
322 52
432 732
74 949
365 114
264 997
547 546
473 49
381 648
556 684
782 282
167 594
569 207
553 690
949 268
556 579
744 803
839 428
493 323
494 571
891 933
657 813
964 959
166 297
723 604
779 798
635 440
735 909
772 153
832 164
596 325
887 710
772 464
69 323
715 337
551 262
421 710
942 408
109 213
31 923
292 117
224 259
442 326
6 719
376 446
413 711
748 302
804 488
313 671
923 426
983 602
340 712
235 274
706 841
656 446
58 488
370 390
900 825
372 200
409 834
737 278
760 113
617 808
546 500
730 585
716 932
272 597
918 823
958 633
266 157
194 922
713 494
16 586
769 396
281 306
144 677
693 357
676 629
721 726
717 95
663 857
172 980
142 644
270 377
403 88
150 999
175 970
353 435
420 701
29 159
753 952
469 72
659 248
769 584
613 833
361 199
748 936
506 463
678 903
626 460
256 724
204 826
523 694
156 949
970 449
95 160
246 52
545 963
276 20
827 697
520 31
792 804
425 989
541 439
139 731
567 699
469 396
329 313
718 829
113 74
574 289
465 937
467 167
640 775
348 866
495 765
85 648
302 87
819 299
642 304
127 966
628 601
75 619
611 909
173 154
193 740
12 24
609 188
946 211
616 932
619 7
512 987
888 528
896 570
309 539
168 437
386 276
698 391
994 856
325 257
236 988
257 97
591 26
374 307
922 373
159 142
607 780
349 524
59 434
368 806
759 938
270 571
163 528
346 165
773 416
66 292
318 299
594 670
609 602
519 205
777 822
959 26
941 635
254 708
562 665
668 440
356 188
947 627
86 13
541 753
967 908
631 291
227 169
85 203
683 234
21 783
26 667
522 804
692 84
431 416
1 943
601 731
834 229
375 263
674 153
648 97
883 644
379 133
463 864
800 172
51 98
363 212
434 872
406 448
27 29
246 131
377 80
909 471
141 45
163 644
149 546
408 740
905 624
1000 818
657 23
344 822
148 750
406 34
279 272
376 391
116 378
66 735
987 697
399 95
244 134
616 881
49 432
489 567
69 61
948 848
220 191
573 381
23 924
606 920
345 922
415 214
326 567
699 459
386 504
614 218
281 214
500 974
135 799
505 560
348 138
646 737
918 794
461 997
724 989
393 669
512 798
257 510
542 672
940 85
927 873
664 175
549 285
367 124
663 931
764 106
855 411
12 727
622 386
825 860
309 51
954 952
149 410
280 295
742 811
394 275
893 181
342 421
894 758
661 319
815 750
47 592
926 205
342 20
597 411
217 942
990 531
275 202
369 219
30 544
56 475
147 772
646 478
407 334
772 284
545 169
455 328
880 312
562 181
34 567
761 523
307 123
293 52
888 898
173 542
672 387
565 504
375 765
113 393
95 265
508 962
566 978
944 914
349 31
465 514
338 272
710 120
415 404
747 301
936 197
280 681
980 278
947 455
563 663
267 498
285 261
604 313
306 596
515 280
791 606
349 338
524 218
345 871
162 375
399 582
334 169
392 656
963 347
620 578
200 141
646 860
224 787
480 653
16 623
219 104
242 907
483 399
724 727
252 461
51 851
660 191
76 262
617 254
800 586
103 779
659 257
151 677
405 661
240 406
124 740
556 798
118 427
856 576
599 152
531 936
473 48
735 456
901 102
133 140
981 968
412 85
584 200
548 985
990 670
682 87
316 953
815 337
908 661
887 324
284 159
783 247
610 917
467 428
838 749
584 796
969 530
17 397
109 799
481 344
748 250
571 659
2 362
840 656
417 929
179 830
986 690
113 555
983 154
459 542
923 143
463 126
526 344
468 288
715 289
809 292
295 785
615 840
83 75
230 302
948 665
782 926
315 44
337 436
615 985
270 992
325 411
879 548
862 690
573 421
867 728
637 722
49 73
604 285
895 270
680 309
384 274
250 813
684 500
595 179
392 652
944 73
393 725
557 380
608 38
349 600
759 961
885 518
927 801
217 554
789 960
866 48
834 683
45 464
238 67
829 868
203 989
52 259
214 591
209 344
122 587
603 136
364 764
40 730
348 837
990 172
53 264
290 618
612 284
132 153
317 387
501 422
691 650
618 982
643 559
320 280
88 996
823 505
545 962
998 212
420 882
535 37
978 232
602 644
2 334
670 853
913 960
629 286
403 866
555 244
984 363
72 613
749 597
309 888
886 278
428 761
819 347
912 898
714 399
776 625
1 296
439 122
595 384
724 228
619 6
253 796
521 898
774 572
405 55
289 710
977 893
736 169
852 481
557 102
408 99
618 84
12 605
234 349
51 892
275 757
544 826
580 40
170 933
513 113
272 705
211 510
975 521
445 558
690 939
30 408
508 79
307 565
656 17
346 85
95 690
133 913
941 634
46 870
436 70
4 642
591 718
460 124
78 567
150 896
924 979
526 523
673 85
648 949
632 644
483 50
34 536
561 719
149 956
194 466
801 378
327 18
94 299
259 370
305 179
498 636
887 506
212 41
838 666
821 920
806 68
790 601
536 616
722 600
388 293
796 170
250 92
344 25
397 49
193 308
856 116
675 920
303 955
144 848
770 956
666 765
634 41
833 3
434 905
183 774
24 949
331 531
648 303
724 26
799 456
339 680
435 529
329 54
292 142
365 816
757 94
376 503
12 61
162 654
325 450
751 530
628 301
25 446
157 649
180 936
966 341
842 335
861 417
561 429
524 55
393 563
686 295
102 926
215 213
236 848
349 623
271 638
923 800
582 551
449 156
592 547
479 593
347 774
582 694
90 784
755 30
574 614
668 994
157 126
160 974
125 810
459 378
668 622
885 784
360 694
946 840
708 895
877 864
874 423
440 29
742 522
66 43
252 258
952 440
271 136
55 361
708 541
982 84
360 931
245 928
643 726
958 477
660 270
543 877
910 96
969 996
786 210
734 676
237 372
420 980
773 1000
978 874
819 166
947 925
14 452
436 414
957 12
744 743
940 799
800 201
821 621
740 627
55 675
100 658
84 255
875 284
72 735
535 384
574 510
188 45
151 411
300 567
671 576
43 347
162 944
658 845
474 846
109 749
2 169
115 592
814 184
675 658
641 518
932 3
314 870
227 975
157 764
984 722
123 814
948 821
384 408
754 964
499 463
500 956
16 819
215 57
684 642
206 202
963 461
728 582
638 201
400 545
37 852
332 548
24 786
971 839
954 123
718 208
169 303
727 258
965 409
604 207
343 21
271 808
592 527
10 2
750 336
146 578
419 714
186 707
798 74
285 13
677 795
716 759
474 198
238 23
521 487
354 528
104 87
692 376
848 86
521 368
575 376
543 547
857 296
472 842
221 849
973 450
901 101
8 492
501 449
482 430
528 882
626 876
285 625
866 264
558 690
897 693
782 58
695 584
951 897
843 56
596 464
64 161
891 788
169 490
408 686
379 161
544 234
619 878
840 657
308 987
112 236
644 861
115 703
648 280
889 420
818 88
506 734
719 296
957 355
546 846
840 591
36 124
871 50
177 2
840 478
235 276
788 614
23 967
997 616
396 763
407 707
442 9
6 894
427 727
449 819
729 783
324 85
498 288
758 642
854 973
565 534
34 222
181 285
976 955
629 927
812 81
959 258
215 114
93 860
439 586
890 768
462 665
10 38
671 303
876 991
219 484
111 178
369 311
393 7
401 508
170 179
941 934
604 333
394 443
455 786
877 808
107 303
56 182
476 967
683 115
645 878
191 296
563 646
341 155
749 238
307 871
865 801
406 617
437 27
786 139
289 417
933 840
971 141
203 103
411 114
605 832
326 355
790 690
776 28
562 565
66 932
342 537
78 756
286 796
107 225
681 18
221 377
652 798
377 43
857 881
804 296
145 349
339 621
184 645
849 961
779 538
541 727
619 219
23 773
317 552
12 26
503 989
789 446
595 387
446 724
709 119
323 708
70 435
625 680
111 685
771 876
561 384
301 133
111 786
957 986
945 946
343 511
954 64
917 60
777 495
25 876
851 312
432 858
968 124
638 995
215 22
492 761
879 511
846 236
439 686
176 302
893 175
369 865
313 676
650 10
798 898
211 804
986 98
466 9
76 222
446 56
928 279
13 715
910 363
52 151
380 292
113 935
756 959
557 698
813 491
891 144
29 353
583 702
240 302
77 597
960 535
613 867
943 342
307 240
18 5
646 387
481 677
189 236
412 269
823 800
70 817
226 21
900 10
9 687
840 971
36 752
218 767
917 841
131 220
494 864
482 184
581 787
388 575
88 31
1 760
221 349
589 978
207 143
409 252
908 226
377 176
305 947
456 289
588 634
917 668
20 5
763 740
692 680
72 785
14 980
899 270
296 729
832 827
453 301
957 909
872 903
154 842
641 372
557 56
149 386
564 884
581 946
799 15
358 373
185 801
708 459
162 892
983 211
883 39
812 25
85 681
980 807
485 207
837 634
587 795
364 378
200 369
642 632
475 809
518 207
610 126
267 997
894 756
690 686
21 734
800 671
765 377
403 402
20 145
911 42
20 393
80 148
248 982
501 492
691 596
472 798
436 377
919 636
83 900
122 866
138 719
911 968
577 254
283 119
179 6
805 454
695 982
166 256
498 686
227 306
504 909
467 259
602 714
910 131
148 942
807 521
442 591
278 313
260 988
889 286
173 429
763 309
486 700
567 765
930 948
843 381
49 646
679 723
867 371
303 691
123 963
386 9
559 510
432 343
748 453
148 627
774 731
54 893
226 443
83 30
429 118
884 948
452 56
736 227
774 517
277 51
123 777
475 48
980 502
50 591
90 544
128 781
223 780
297 958
214 577
175 965
803 484
328 964
113 594
813 195
542 771
138 77
121 659
655 544
837 717
2 524
613 150
194 69
124 421
252 210
897 281
976 254
828 887
262 885
656 928
181 75
347 383
475 674
593 123
427 199
656 831
716 327
679 77
240 267
811 93
137 126
467 739
789 622
35 72
226 838
442 39
584 544
568 165
363 483
806 163
796 426
202 763
268 566
21 165
244 661
354 85
576 292
530 48
201 766
214 645
956 890
207 432
526 60
198 221
343 355
148 834
19 570
937 67
369 513
776 351
260 944
473 187
841 447
558 170
735 799
596 183
101 895
396 7
568 592
418 587
491 131
330 271
704 16
434 801
883 562
165 607
741 944
427 552
532 625
35 786
374 245
818 247
194 359
415 168
950 893
404 223
894 185
319 460
304 27
56 652
543 113
498 289
138 414
926 335
18 953
158 981
621 990
52 495
863 929
728 329
422 681
924 555
161 177
509 641
916 455
543 736
836 382
566 131
742 576
601 620
15 570
52 188
826 423
507 142
168 682
670 415
216 300
696 118
324 863
878 354
992 739
167 387
170 357
341 508
333 872
448 510
670 697
930 794
94 111
459 734
779 831
407 86
123 685
770 982
878 559
923 252
363 11
990 180
983 762
28 527
982 968
206 502
226 496
733 988
525 66
287 147
788 916
884 893
315 74
667 785
483 956
690 402
709 118
837 65
965 28
163 110
924 382
348 50
42 869
520 557
280 786
633 164
738 800
724 853
673 717
466 197
413 970
387 999
610 186
543 128
400 618
898 489
93 659
591 148
149 161
922 483
285 289
177 664
361 203
100 352
318 699
535 404
564 695
46 906
929 374
33 313
915 967
972 684
845 186
95 559
243 344
82 678
15 366
533 493
789 851
459 336
298 990
440 3
685 627
299 312
428 732
324 925
328 745
250 358
81 508
294 253
497 455
837 994
302 728
658 272
734 575
240 303
501 440
728 500
321 34
584 632
52 950
326 317
436 277
240 190
517 108
26 521
247 853
303 103
455 360
661 845
758 323
601 4
913 128
878 600
58 777
810 280
227 358
264 508
454 435
221 348
499 550
447 782
212 129
932 154
940 458
814 162
317 986
546 772
804 476
491 843
719 227
850 398
53 132
482 522
283 583
802 749
912 117
624 303
552 28
827 130
97 417
373 468
790 189
141 494
614 217
686 186
104 530
638 211
456 111
293 688
483 694
190 103
48 863
515 479
665 494
222 628
758 715
48 472
86 608
332 252
140 520
452 266
292 723
132 648
413 284
911 486
825 865
110 213
521 632
423 8
890 825
997 99
265 186
588 384
113 864
475 857
741 110
869 441
302 794
929 124
198 667
825 67
509 570
627 331
346 641
836 989
778 331
119 191
247 106
817 679
290 610
863 300
8 498
82 831
907 946
666 813
577 189
6 9
663 333
385 908
995 205
136 22
30 950
982 114
716 145
558 93
203 46
705 928
706 411
269 183
540 22
613 632
429 471
160 362
363 181
633 695
615 115
724 457
905 657
102 493
283 261
72 592
913 910
122 10
693 741
25 382
631 618
120 828
544 411
31 399
418 663
435 623
883 601
351 707
300 855
429 117
177 228
520 534
672 945
215 405
658 764
453 256
883 375
521 984
907 167
253 179
456 139
699 89
3 606
228 919
10 302
325 513
215 251
623 551
402 564
898 465
737 383
242 823
92 780
364 41
475 903
332 772
775 138
229 156
600 800
167 90
43 200
237 634
21 753
351 286
299 499
177 787
968 994
702 311
852 640
834 919
617 285
278 434
541 28
928 207
711 332
288 110
416 915
420 635
57 935
424 382
652 830
959 898
583 790
990 812
582 538
593 710
979 454
597 150
1 773
933 180
351 867
47 26
364 238
292 403
455 705
627 784
387 417
299 861
653 902
925 929
395 922
18 767
404 676
296 997
829 197
687 219
670 818
69 208
202 499
956 200
650 879
340 357
571 483
935 834
707 739
323 746
328 867
330 494
651 280
118 577
466 222
858 748
974 190
496 841
428 489
724 929
673 698
676 780
769 230
21 81
583 201
851 286
86 569
802 870
380 862
664 891
732 319
246 819
349 782
439 467
640 228
328 880
684 21
692 957
405 980
569 307
536 36
901 294
332 191
915 136
775 396
355 887
617 360
545 411
817 670
801 113
413 331
363 672
610 739
433 818
105 557
90 411
695 714
259 650
65 993
82 775
414 734
347 745
683 787
521 76
706 80
375 319
895 548
843 73
112 51
50 205
94 221
812 836
942 623
925 611
657 781
674 677
821 562
772 234
740 678
870 765
529 459
503 520
488 691
53 713
804 298
217 464
75 926
495 761
477 30
835 936
250 392
582 18
771 176
314 685
232 878
322 924
399 884
630 703
370 708
116 480
210 925
660 930
289 618
162 728
879 581
274 165
258 295
67 717
504 497
496 885
971 338
659 894
92 191
360 791
426 487
443 463
865 33
106 271
604 2
586 565
533 10
112 948
647 118
889 732
530 768
252 164
253 349
918 719
998 409
464 272
161 92
73 952
368 568
310 959
371 703
63 93
47 696
364 588
731 370
170 36
321 176
583 696
659 24
284 83
527 17
514 880
770 742
118 589
517 107
611 384
424 310
83 603
28 168
212 317
711 165
87 655
454 150
95 128
504 627
770 520
18 805
165 978
937 9
791 866
723 536
206 255
184 564
213 951
235 35
370 774
600 235
840 570
32 599
306 330
278 296
559 341
712 628
864 287
455 828
891 962
762 434
746 863
33 920
422 810
279 611
907 186
874 59
858 676
894 62
435 929
278 697
301 888
751 256
988 982
883 184
907 408
33 363
916 154
653 703
498 505
116 952
100 261
181 572
128 496
848 335
224 617
760 651
541 308
285 38
728 293
171 67
43 472
416 170
150 297
369 78
976 50
299 295
838 840
30 661
950 602
898 929
604 729
574 929
207 696
999 684
85 92
469 253
71 89
190 825
283 73
346 25
430 264
32 183
808 327
865 426
448 86
947 188
933 497
519 888
867 373
947 301
844 611
650 840
904 600
407 895
712 513
343 637
476 130
495 934
576 112
558 192
596 115
979 109
343 105
230 401
861 17
534 185
370 524
135 166
505 615
914 787
239 274
347 159
656 549
7 488
528 145
837 425
968 472
914 930
756 31
774 323
870 35
928 806
855 341
802 835
72 124
441 169
578 954
741 350
708 41
466 940
918 271
906 116
708 184
747 722
44 664
125 858
841 537
231 175
699 919
920 936
3 908
647 463
691 871
416 327
769 325
294 344
272 62
584 324
269 932
463 736
844 29
494 482
904 218
967 225
536 901
701 469
846 742
687 678
299 545
636 782
711 220
347 829
117 655
407 223
175 99
550 53
481 348
582 876
905 466
50 459
801 513
623 726
240 933
387 416
460 730
943 223
703 855
158 547
606 127
765 265
349 206
775 400
829 196
2 122
406 127
488 459
726 564
128 687
3 207
656 890
101 718
433 12
269 670
755 577
528 479
430 851
235 265
418 811
165 558
336 608
600 449
653 329
842 386
951 100
365 86
315 270
391 941
528 253
95 917
327 819
438 456
722 63
867 954
580 161
854 960
12 437
970 783
642 796
885 514
815 991
229 46
367 176
389 446
543 349
107 799
555 259
294 501
146 308
907 543
268 871
270 237
678 734
590 442
118 395
104 197
972 78
900 243
282 566
326 562
968 765
18 28
492 235
722 680
238 899
222 260
616 207
472 71
970 458
787 784
847 896
424 490
830 854
52 754
809 985
190 859
995 994
118 119
559 672
396 199
702 926
205 849
39 933
889 468
367 691
139 559
108 200
736 609
82 43
429 154
800 466
819 302
783 651
382 138
364 497
58 708
443 2
814 247
407 679
121 156
362 222
146 73
918 17
689 895
62 971
345 897
823 236
366 617
543 145
367 272
519 759
685 139
614 307
48 208
395 69
894 3
822 300
861 458
475 179
862 573
558 474
82 499
138 289
861 379
347 744
993 931
758 749
564 770
674 350
656 701
31 335
452 272
571 72
367 103
14 649
744 390
962 581
335 709
393 838
820 603
267 877
306 973
76 507
732 537
708 240
254 638
592 857
603 740
276 468
371 702
112 840
987 325
78 571
168 189
750 105
364 732
312 63
76 40
138 583
548 910
734 573
570 578
274 7
517 217
41 272
721 438
740 406
209 602
66 229
479 545
269 256
940 53
662 634
661 730
352 986
829 328
812 922
482 85
86 454
322 394
765 918
493 691
222 115
403 567
918 590
545 994
451 943
662 539
165 977
117 488
923 45
202 86
754 619
10 869
498 448
253 617
195 93
861 874
109 517
25 352
102 342
642 273
135 271
37 457
727 822
378 585
240 602
220 696
232 730
707 211
949 665
434 630
936 780
745 412
875 271
970 535
298 636
95 819
307 705
676 837
489 742
951 221
720 605
367 10
828 520
571 758
394 58
893 110
492 841
720 492
3 770
177 523
911 480
894 360
987 6
879 28
510 657
350 714
563 119
929 129
789 885
117 886
544 568
821 397
91 875
988 539
406 970
405 749
281 823
530 406
255 937
113 64
596 875
87 588
768 478
22 757
77 630
338 822
890 507
123 408
910 100
179 410
513 849
832 432
740 281
105 774
481 311
947 14
655 321
71 382
807 522
666 682
792 865
5 540
870 698
563 222
235 113
640 853
629 289
630 26
667 12
351 559
842 58
435 448
74 128
796 991
778 422
609 142
288 763
495 929
444 481
16 152
382 45
438 195
477 359
577 601
160 692
266 848
215 407
876 563
680 350
811 756
844 69
170 861
598 928
806 937
453 415
382 271
137 790
627 269
137 598
335 927
86 531
513 147
287 792
223 670
816 108
340 886
275 305
243 357
890 1000
262 985
335 701
194 803
604 890
905 903
149 892
842 257
356 19
319 105
600 977
198 874
899 560
800 702
964 481
824 308
329 890
593 283
977 874
601 902
84 679
843 833
170 509
138 543
889 874
711 334
623 386
770 286
407 361
374 228
601 160
449 361
387 133
344 593
611 292
95 219
978 989
245 234
100 547
1000 593
947 106
41 155
580 968
778 816
528 675
311 256
500 335
901 243
46 215
296 575
326 199
37 304
2 804
31 790
433 3
325 501
552 71
480 454
224 136
210 951
822 726
272 286
405 30
79 171
7 446
763 798
819 608
162 293
400 754
975 365
157 510
68 207
788 320
606 587
884 169
333 157
604 407
285 459
786 688
732 404
879 487
594 405
228 235
484 125
500 675
147 135
846 775
763 874
988 979
431 867
755 331
773 360
65 899
597 176
263 698
290 756
864 721
649 427
797 227
502 875
153 670
551 52
554 488
402 109
442 974
961 506
562 706
694 128
990 895
696 351
429 725
692 237
786 22
843 75
563 60
925 609
766 849
765 866
944 881
326 451
320 59
286 807
511 15
3 62
187 717
779 897
178 8
294 626
174 36
800 467
947 356
770 247
843 407
996 899
525 127
480 14
244 223
357 984
747 192
965 25
984 63
719 46
701 527
957 613
29 614
895 297
474 727
884 30
376 813
254 818
456 197
827 438
214 307
806 832
868 665
219 491
94 833
589 899
497 777
711 722
566 243
24 833
234 638
916 486
665 674
470 55
825 36
43 931
171 246
670 220
194 13
929 966
547 531
878 35
901 309
556 739
133 190
707 345
670 908
43 28
125 665
238 3
134 536
545 135
543 884
561 991
682 40
85 675
921 387
578 73
29 415
89 428
458 219
204 939
425 914
227 282
908 553
714 1000
455 762
791 892
539 207
226 222
373 925
299 790
321 754
550 461
112 217
535 379
386 910
919 24
580 768
283 314
254 259
1 621
93 159
685 443
23 180
689 952
504 194
833 511
532 942
101 657
353 931
598 699
303 533
876 441
982 535
616 902
80 252
489 204
303 407
474 568
385 25
462 25
121 409
158 886
257 71
98 955
818 416
15 568
915 518
519 504
353 623
962 567
267 827
31 290
38 762
777 634
209 104
84 867
904 286
732 348
149 420
557 359
108 905
39 117
264 865
997 241
978 470
518 493
646 182
225 992
7 616
917 923
935 362
911 54
661 539
207 789
856 537
748 607
831 653
568 141
507 843
949 272
734 542
570 615
901 157
960 631
299 711
321 3
574 54
804 575
127 753
436 411
222 108
616 407
523 837
598 283
247 939
620 327
547 215
986 553
535 302
701 2
118 956
356 865
527 954
344 873
2 307
535 415
59 462
259 128
51 324
995 650
46 184
47 353
948 540
453 90
229 289
719 339
127 465
758 255
26 44
905 743
733 435
550 715
189 179
538 131
837 117
269 713
73 472
555 972
707 665
357 784
710 796
234 109
534 46
257 50
97 307
780 170
345 110
2 742
6 806
101 364
211 533
430 753
489 347
534 763
721 928
684 44
152 421
850 836
730 670
949 176
717 436
408 11
486 291
835 57
229 234
503 149
753 480
204 472
5 153
479 854
171 161
156 283
830 113
454 528
124 741
759 189
924 784
233 521
425 26
419 956
919 559
424 422
833 298
52 165
386 562
681 226
726 910
708 653
412 450
90 926
344 39
678 124
368 157
334 902
140 331
692 808
841 466
53 754
493 523
919 211
903 686
370 190
672 276
247 572
585 981
88 219
640 818
308 928
662 691
644 858
26 145
559 41
462 342
14 630
738 156
97 12
652 204
547 510
729 455
562 232
275 803
421 545
741 956
706 519
923 419
641 793
214 788
127 777
850 228
91 823
604 283
714 375
617 640
870 114
998 7
546 412
249 516
196 5
370 955
568 716
453 626
150 434
138 410
836 53
358 305
879 369
422 594
775 90
319 174
73 560
752 701
204 286
833 714
150 668
389 444
564 590
636 654
294 696
915 796
42 336
663 854
155 954
384 850
447 219
360 179
237 243
592 782
877 803
414 547
881 288
39 402
806 253
895 707
644 363
493 939
604 643
255 753
166 98
204 817
8 28
355 167
534 974
229 706
877 214
218 629
836 563
39 577
647 774
134 863
653 709
66 929
307 441
550 87
74 404
402 415
153 547
834 442
619 944
50 493
127 233
867 318
226 170
581 500
446 959
529 89
876 176
454 350
827 924
442 498
888 670
425 736
245 495
463 88
410 84
191 969
586 493
897 590
861 181
753 532
331 762
940 548
428 762
62 754
784 56
912 13
822 512
684 545
187 27
23 881
962 927
745 533
603 915
305 116
663 321
505 541
949 564
110 624
646 764
149 60
742 85
248 721
508 315
633 488
400 622
185 776
558 331
620 640
458 979
537 204
527 714
964 245
717 491
189 690
501 832
797 307
450 158
214 367
432 498
4 761
483 346
708 769
33 31
769 643
212 609
668 439
209 446
502 709
837 820
930 374
308 6
971 334
977 945
863 359
899 522
921 966
568 867
904 148
563 441
251 165
288 169
622 916
435 42
148 874
947 903
86 337
783 309
373 413
19 408
470 322
723 684
939 539
868 387
869 982
925 580
106 726
565 493
14 413
752 172
515 728
334 34
807 608
666 596
973 888
142 421
528 605
197 334
217 384
532 841
771 499
594 722
294 524
830 594
338 404
301 288
528 748
602 533
398 542
594 613
961 946
176 726
657 298
36 177
292 795
334 442
193 842
604 300
948 974
400 684
25 49
928 942
818 462
547 148
419 361
98 952
941 404
135 100
362 869
453 586
201 417
907 23
422 523
300 435
483 728
926 26
485 202
949 859
452 389
166 255
676 856
171 55
211 681
980 915
584 476
379 200
90 141
364 540
527 291
198 671
806 478
993 261
919 661
756 617
795 619
85 263
602 147
506 300
656 871
200 675
75 305
459 94
21 955
652 903
639 817
142 97
159 973
271 263
754 201
363 239
629 899
853 243
565 303
950 891
680 178
563 258
610 891
256 770
338 598
835 678
166 404
710 225
334 986
351 920
652 459
139 536
144 178
108 131
847 540
884 620
266 804
195 64
53 959
202 475
885 70
338 267
179 969
788 985
71 559
534 205
240 745
560 584
80 898
585 235
804 67
776 740
968 332
343 348
185 614
239 287
791 436
543 183
789 211
538 981
6 807
318 533
655 702
541 547
840 21
280 108
941 265
395 365
312 445
129 793
43 191
245 829
198 985
34 918
580 78
129 906
112 936
85 569
414 949
485 338
826 285
6 355
506 721
323 509
472 929
551 189
789 760
350 966
208 939
392 162
835 342
428 672
397 687
199 231
57 826
580 690
636 154
325 669
548 960
497 284
575 489
190 841
528 872
428 966
216 196
401 86
575 382
523 787
76 142
455 300
332 224
317 203
726 873
680 104
782 943
827 514
554 822
202 276
672 277
411 315
50 89
583 193
188 207
852 38
11 590
800 457
791 174
733 357
165 713
420 456
586 89
658 570
534 233
277 368
724 207
562 222
704 83
804 103
438 173
426 749
413 993
324 204
366 963
257 29
334 29
932 70
979 872
286 128
732 112
539 124
112 829
556 294
870 869
562 42
519 451
836 69
198 938
270 551
806 693
593 184
811 769
298 852
775 234
209 183
803 741
767 700
20 249
119 349
446 183
484 974
674 138
731 71
574 691
977 827
6 335
394 421
843 670
806 486
632 623
762 546
155 688
137 157
503 192
506 356
752 596
368 333
739 814
521 231
541 252
468 792
730 183
34 638
848 854
27 235
85 17
539 372
633 529
243 989
293 466
140 409
855 738
107 547
143 550
180 178
559 238
407 109
709 573
883 838
610 146
593 960
248 835
463 170
35 832
175 358
343 960
70 120
1 519
218 775
883 759
700 391
22 255
903 546
316 408
376 371
623 437
50 204
879 867
511 367
993 484
22 110
260 695
896 643
733 506
475 406
224 150
666 53
850 310
443 116
120 999
432 483
90 707
362 108
309 611
845 625
936 787
885 336
210 40
202 610
305 196
16 881
434 544
475 180
663 689
673 689
799 17
547 72
548 279
642 844
366 846
148 133
59 802
243 1
741 258
138 447
466 992
132 826
57 325
607 901
793 224
99 990
483 639
889 736
873 43
985 993
656 719
767 707
346 173
92 184
310 768
557 257
741 484
710 714
83 534
393 980
34 990
73 956
877 165
258 790
975 903
155 638
124 89
821 45
878 182
886 717
338 829
726 378
605 741
346 894
265 460
29 379
910 284
844 32
312 945
386 584
812 518
999 644
798 561
198 493
679 374
592 152
481 703
423 564
961 117
653 663
342 972
382 745
881 190
221 693
61 44
578 246
248 582
731 924
46 614
455 756
347 919
847 534
409 420
527 928
253 757
679 549
134 76
392 571
250 313
892 760
144 230
823 446
843 292
75 958
685 441
317 981
231 51
325 58
329 63
495 910
656 208
909 770
956 355
150 174
64 683
887 853
670 406
864 386
884 973
940 815
392 877
500 982
873 340
262 975
180 980
383 571
684 292
284 954
871 854
297 264
803 462
795 254
936 557
153 261
48 477
441 2
495 435
707 251
237 877
750 703
767 743
346 129
849 350
574 617
205 250
427 64
481 531
105 318
950 316
111 240
773 285
846 893
998 435
539 57
821 1
234 749
328 618
916 485
226 717
122 906
543 564
86 33
161 350
164 875
807 963
96 885
80 138
49 277
427 511
449 91
903 535
894 811
199 147
610 534
496 218
481 618
488 413
944 588
853 242
32 92
783 155
566 537
181 565
130 553
592 132
687 895
579 926
981 30
410 974
128 350
133 451
852 813
47 13
529 262
857 913
493 549
278 307
631 835
248 408
175 169
805 34
662 661
847 667
387 473
688 262
302 36
819 506
303 725
325 141
733 256
678 387
746 669
841 231
988 370
491 810
956 144
136 949
429 112
85 94
126 202
861 109
3 423
171 569
893 700
840 312
591 53
940 787
889 973
104 627
34 322
162 399
181 401
793 23
595 159
585 876
279 752
546 489
975 75
440 778
208 352
120 973
652 505
470 800
896 183
849 233
318 372
335 702
998 458
152 470
81 400
772 336
891 387
618 329
690 874
267 519
200 482
702 425
8 693
715 368
420 642
63 486
798 879
674 841
414 596
428 816
928 296
515 309
844 104
772 477
649 110
118 333
414 359
618 781
976 731
491 317
643 584
352 901
294 792
810 330
350 3
830 777
248 581
304 759
213 777
22 642
700 269
593 987
210 513
338 458
672 278
728 608
396 174
515 928
643 247
240 808
296 413
576 33
245 442
482 604
218 472
490 51
382 253
845 763
136 849
671 835
875 940
10 381
126 230
534 89
277 224
462 36
120 59
46 295
504 474
927 122
16 790
991 463
105 839
779 435
544 472
561 127
48 22
637 460
125 24
785 887
197 551
59 886
240 234
81 210
390 242
121 689
820 579
158 110
531 528
517 557
519 428
660 444
635 580
561 857
29 963
94 763
665 715
314 411
189 541
315 974
651 252
11 457
52 267
649 351
902 891
25 725
88 607
420 678
717 184
223 179
373 578
82 881
551 49
896 229
645 60
422 111
1000 537
748 929
416 948
19 273
296 394
35 807
127 437
843 76
700 563
114 512
958 367
959 562
145 52
753 863
827 688
368 841
113 504
829 2
79 679
245 203
156 684
771 409
776 353
727 968
412 629
843 315
258 111
614 634
559 463
175 470
849 843
426 940
995 597
908 68
954 390
239 624
165 637
370 705
866 730
206 363
23 883
814 106
137 269
785 416
272 381
827 237
774 564
941 29
908 426
680 281
23 593
816 201
641 402
56 686
439 897
152 193
120 309
194 580
690 577
450 506
600 386
984 862
34 253
508 164
237 546
383 868
976 926
617 924
284 629
530 893
696 621
34 108
290 450
717 489
741 483
100 509
651 967
122 661
85 527
858 257
863 528
439 724
547 647
424 910
298 107
940 430
181 830
240 470
555 1
247 13
375 504
398 49
132 101
890 483
230 832
568 99
74 724
806 237
195 375
187 927
628 624
156 914
950 780
238 530
540 8
762 904
716 275
450 610
566 860
131 197
773 670
614 772
45 631
922 875
5 949
961 775
49 717
148 602
460 877
467 59
126 348
698 581
53 970
837 158
634 745
748 764
642 412
145 604
349 468
999 446
839 721
970 640
490 34
187 150
184 722
462 28
875 773
768 729
977 659
859 777
841 774
788 379
664 777
521 640
871 61
759 784
650 356
707 877
343 9
261 278
228 223
928 765
51 894
638 774
586 677
458 836
115 327
261 167
48 316
307 537
949 202
532 102
826 263
702 434
686 747
726 276
534 943
591 682
376 106
405 745
7 613
656 857
527 497
311 967
869 645
86 145
803 875
644 301
991 246
630 594
441 558
351 87
560 901
28 26
502 961
579 897
363 282
201 715
739 71
577 96
358 452
388 497
790 806
773 754
395 74
170 601
10 946
654 143
500 971
714 154
952 619
793 553
153 906
207 251
671 584
502 397
844 553
23 551
586 35
132 911
258 454
614 413
83 39
322 961
1 360
954 446
444 620
282 371
339 382
927 385
948 940
71 847
992 84
230 244
34 323
474 650
2 741
828 697
330 845
794 377
262 179
581 927
513 348
884 192
8 969
209 56
430 756
345 520
932 606
590 22
955 407
663 990
940 193
337 924
693 279
769 303
702 479
759 538
194 174
877 683
128 320
972 833
590 304
96 564
450 546
809 548
396 554
539 735
905 25
446 507
881 394
242 324
393 350
713 901
39 713
886 980
703 651
73 598
914 123
972 261
153 731
795 772
423 767
652 651
912 600
269 213
149 265
500 437
597 1
860 403
714 815
628 937
539 136
649 984
993 365
829 223
861 949
525 198
709 377
166 656
210 800
920 3
442 319
741 953
337 419
923 420
71 322
529 813
641 747
219 899
159 15
804 240
77 434
222 677
278 651
918 567
923 706
708 340
215 292
163 857
3 672
483 756
814 664
963 318
16 338
641 38
76 637
660 77
711 853
768 943
968 111
932 626
241 395
882 365
522 242
674 25
159 579
885 815
24 231
543 745
321 638
802 437
768 205
971 470
251 771
954 744
48 595
178 670
568 681
762 544
372 948
156 233
588 164
62 199
891 125
503 371
342 823
324 838
570 538
38 92
518 714
189 192
734 356
296 282
57 97
672 85
770 574
2 468
921 698
445 280
914 547
503 518
625 356
844 706
810 446
373 54
871 283
726 762
361 598
838 480
549 19
629 485
45 820
545 660
729 439
303 652
72 622
491 868
274 898
871 505
201 223
510 83
865 32
337 399
26 806
214 823
235 488
236 583
20 756
521 905
63 566
138 347
71 791
132 893
385 731
584 790
194 722
693 572
231 717
287 847
418 42
305 51
99 883
559 257
837 765
31 330
569 631
107 976
718 16
445 692
697 127
345 576
882 297
590 78
774 113
851 542
621 588
217 702
915 829
418 383
1000 51
618 654
985 641
512 63
803 528
436 79
350 525
759 371
650 133
688 464
602 186
413 297
677 684
53 194
772 368
55 788
373 549
941 787
963 743
88 683
568 245
327 390
792 509
763 82
88 858
568 100
53 484
665 871
925 720
428 904
602 335
144 939
298 152
826 791
4 207
813 847
288 394
560 646
437 871
770 427
865 497
993 292
891 581
909 94
503 667
434 958
879 784
36 990
865 354
738 208
154 1
178 443
770 215
921 209
476 180
689 781
942 73
357 919
249 886
920 297
291 121
534 151
724 769
410 329
374 910
712 713
81 787
714 253
719 14
337 169
306 569
664 923
370 509
133 568
242 516
784 340
789 45
840 192
362 755
806 864
54 197
58 136
267 908
307 747
290 487
384 864
96 442
744 374
119 406
881 643
896 311
48 30
191 138
877 855
460 523
480 807
834 906
762 903
840 435
412 212
929 998
198 557
933 982
57 803
901 8
688 587
411 788
163 831
15 158
865 849
887 32
531 116
200 900
420 989
458 360
60 420
286 930
930 746
225 618
259 486
297 191
450 586
691 491
231 482
239 55
142 305
532 761
389 760
714 155
553 31
294 559
887 612
266 744
504 883
526 330
921 297
276 200
351 699
279 334
600 205
838 187
254 434
699 259
572 115
645 745
760 275
279 109
706 625
819 666
88 400
969 9
349 311
831 663
979 992
515 892
234 105
879 635
995 833
533 802
775 844
564 929
90 552
931 210
146 774
220 443
297 934
839 898
512 699
898 424
884 193
559 939
360 445
654 917
489 351
128 35
495 465
189 646
150 756
523 106
48 330
526 412
307 711
197 679
664 4
354 694
800 580
673 202
746 384
656 920
949 45
315 789
670 137
603 166
351 404
706 165
686 887
130 437
413 273
323 879
954 567
902 959
636 149
658 339
930 556
949 368
551 412
990 644
458 317
313 534
646 432
299 551
930 671
207 523
563 355
430 302
86 936
352 630
904 909
154 308
463 802
982 730
969 745
553 490
768 169
265 59
973 829
768 3
903 580
201 960
352 340
541 714
853 712
159 659
184 865
738 152
850 446
210 801
852 400
931 771
405 724
79 1
483 904
300 818
961 744
544 640
361 292
604 352
988 199
126 153
370 554
126 119
662 243
920 462
149 36
131 617
79 295
413 879
533 142
664 979
918 984
298 561
442 312
334 147
941 473
300 487
263 237
621 837
858 521
182 368
713 266
552 648
366 800
349 942
11 237
730 719
747 551
567 464
826 218
919 907
613 178
299 54
11 378
125 888
879 83
774 37
685 758
134 132
962 285
891 417
432 612
215 875
955 656
218 329
925 56
329 793
915 254
23 959
994 541
463 642
234 3
433 811
804 782
930 484
865 808
131 444
722 671
373 753
429 703
268 579
187 885
726 942
838 692
463 275
558 727
191 446
833 84
123 308
325 912
843 223
922 738
425 970
83 674
619 948
411 363
839 171
588 873
292 446
221 368
331 400
726 763
378 861
287 357
469 514
507 691
535 451
478 464
689 919
469 755
328 505
130 83
596 66
734 689
92 20
438 797
153 99
67 549
314 918
626 671
127 702
499 63
559 525
94 691
641 400
332 613
261 431
360 358
381 144
73 583
315 526
542 835
980 788
656 706
821 264
829 813
167 906
744 283
797 271
377 854
12 693
597 857
271 920
423 237
836 346
432 512
208 211
648 107
71 223
262 708
668 988
674 796
18 344
989 917
830 395
686 943
469 282
18 235
242 821
702 65
226 774
212 725
711 269
783 128
217 121
382 669
494 527
812 912
191 597
138 675
501 142
146 214
274 291
403 573
79 669
61 41
463 885
246 111
511 89
785 73
773 668
740 577
627 801
839 143
456 588
364 301
993 315
782 789
988 506
148 753
782 896
20 116
822 625
991 630
560 672
27 677
767 223
749 960
272 204
185 733
205 546
956 382
407 566
28 777
542 145
549 505
472 326
480 414
82 62
101 482
925 941
146 803
309 757
440 636
719 958
189 927
25 166
360 307
267 161
361 30
973 112
163 784
145 781
940 72
284 548
102 871
1000 983
825 760
293 818
517 605
519 4
86 747
89 664
739 687
167 942
464 63
730 822
824 431
147 194
77 957
996 85
299 399
927 513
328 621
795 623
963 13
778 371
122 905
773 60
740 33
354 356
873 576
602 14
142 101
346 704
94 354
65 104
13 968
855 577
109 159
350 155
840 897
273 78
344 80
164 475
937 221
857 918
804 651
142 310
933 105
511 125
305 78
978 898
995 800
739 881
28 425
191 815
114 808
170 982
779 972
887 615
89 734
400 95
221 761
904 620
6 735
170 889
227 616
984 301
657 377
966 397
652 250
898 101
526 204
186 516
11 772
213 694
491 956
440 826
791 323
940 895
743 74
304 153
547 295
407 710
866 627
998 265
456 403
513 356
917 10
132 822
813 169
228 927
121 553
181 271
348 272
167 876
719 771
376 985
859 900
533 75
972 669
883 10
78 296
389 323
637 7
983 127
16 745
312 304
919 983
332 147
669 268
230 421
734 818
660 49
254 696
95 764
64 685
414 968
517 889
5 21
887 225
744 113
956 681
267 742
57 830
773 16
243 679
651 636
502 944
322 298
436 294
460 412
520 384
978 836
833 79
999 606
467 441
359 767
285 760
291 615
992 744
19 468
258 261
908 711
506 351
579 524
799 711
213 790
14 345
696 304
715 508
916 829
683 602
151 64
874 535
984 491
257 597
352 341
824 55
334 677
853 727
891 524
987 845
765 562
740 895
546 836
710 83
896 699
785 540
534 237
371 337
931 915
145 538
976 760
349 282
957 603
965 176
968 364
174 668
206 44
120 173
319 503
230 150
785 731
202 959
392 695
927 133
698 191
555 602
774 248
401 925
925 674
447 480
983 146
768 929
305 375
686 583
724 766
381 493
560 402
190 301
674 134
564 802
80 55
123 139
929 60
179 103
644 449
873 401
316 626
543 521
855 811
839 358
478 15
91 966
717 774
666 808
667 641
653 542
502 346
514 868
365 364
95 7
597 193
283 153
53 575
574 243
264 605
939 562
133 503
796 89
566 887
273 252
700 701
931 276
226 52
887 265
619 951
430 442
485 129
218 656
519 808
692 815
390 996
961 824
875 222
62 656
729 437
164 64
348 997
866 870
315 212
944 783
728 891
306 305
235 349
382 28
111 582
183 981
844 817
370 764
745 536
690 395
521 911
44 268
210 36
391 121
429 454
124 546
490 713
920 299
261 541
750 301
766 64
651 26
814 698
284 961
747 629
141 820
474 499
789 120
992 380
439 563
618 490
341 513
622 498
881 532
509 715
276 156
208 186
445 585
488 90
803 645
848 490
629 667
189 574
599 119
855 233
402 937
261 98
835 133
432 656
790 923
590 409
556 729
939 227
906 504
1000 467
89 148
955 925
248 819
788 792
763 84
321 57
618 817
929 826
473 230
511 890
661 739
728 364
670 982
91 704
778 912
160 327
640 977
809 62
384 677
800 821
743 413
191 778
107 199
205 878
477 969
61 266
687 42
746 530
653 966
356 986
843 472
58 624
316 440
706 624
280 576
526 287
975 196
814 26
28 836
438 254
149 889
704 192
651 459
488 619
819 561
14 845
167 613
738 419
5 856
998 113
249 598
569 951
306 567
663 721
103 420
453 565
152 32
723 299
137 652
944 12
465 754
765 188
512 320
950 22
368 894
977 468
405 931
209 98
48 416
582 685
17 823
452 386
224 609
945 519
622 377
199 472
777 733
185 122
646 25
308 112
237 182
96 666
152 668
686 963
659 941
928 333
100 839
910 333
661 549
96 777
946 675
562 830
51 319
166 92
223 5
190 854
818 615
216 237
87 570
557 950
88 935
394 810
986 896
678 74
681 182
203 438
755 699
977 707
247 929
586 829
795 91
869 838
339 967
835 842
586 332
549 88
236 453
583 844
862 17
455 2
795 456
67 817
191 959
202 452
611 864
671 730
110 632
876 260
948 649
642 220
555 949
899 455
760 277
667 803
279 441
972 197
125 399
710 903
641 652
84 472
546 415
814 929
456 37
935 951
239 282
98 940
277 57
116 87
120 146
376 252
56 762
366 923
594 134
150 424
244 307
962 738
211 682
949 920
932 714
458 901
992 437
629 896
228 879
780 902
51 814
968 190
72 499
509 770
898 601
3 588
363 913
513 950
841 513
953 191
310 972
663 840
225 804
523 253
7 932
873 880
671 461
587 910
111 272
263 591
378 417
821 97
694 785
769 718
365 101
887 224
527 435
125 549
695 761
755 402
95 925
77 642
706 210
281 901
235 534
959 949
986 584
187 984
759 200
541 309
925 549
446 683
625 236
365 425
847 549
758 384
245 243
118 99
209 837
571 687
952 923
257 571
511 16
22 869
838 507
420 32
776 472
425 654
210 652
342 260
230 331
692 596
306 187
979 619
652 202
89 938
419 121
774 701
956 176
723 167
796 681
11 803
629 358
419 198
519 651
136 804
874 232
984 552
14 773
917 444
167 557
558 454
546 406
192 23
474 365
609 510
422 965
388 701
371 31
889 606
596 140
115 482
171 340
324 382
592 742
317 913
78 261
719 592
121 806
910 632
370 127
472 531
704 914
229 921
156 516
548 771
765 402
664 256
26 793
977 847
559 60
997 388
854 503
178 620
622 19
496 151
333 572
848 647
434 341
74 700
882 855
331 39
874 967
152 908
660 522
98 153
464 979
147 550
959 655
664 394
433 501
452 535
377 51
130 271
151 103
279 146
197 485
292 15
370 795
459 566
597 772
190 186
749 585
164 65
704 118
428 763
546 873
969 118
515 190
789 451
827 880
331 833
760 333
183 914
392 999
390 662
528 51
896 567
491 903
755 722
24 754
998 758
56 186
381 76
418 950
974 227
187 255
564 923
535 148
732 81
381 61
25 889
23 706
160 720
512 357
807 406
561 232
447 7
217 530
306 965
381 287
717 485
859 371
777 976
544 933
82 668
371 316
323 154
986 454
626 801
77 919
946 856
674 171
142 877
343 647
128 267
55 992
994 588
447 627
25 693
655 177
858 822
881 454
863 358
764 405
506 389
288 48
535 972
496 179
803 885
299 720
552 425
156 127
543 893
584 610
14 69
606 764
808 566
558 646
316 885
541 332
355 201
230 983
599 442
911 878
329 486
184 479
95 139
781 559
759 176
213 754
165 985
496 480
297 209
616 561
670 786
468 142
187 859
821 654
343 372
439 287
277 608
294 518
978 559
999 839
289 177
562 385
863 503
286 513
737 941
349 447
206 472
334 269
866 559
72 796
28 779
267 453
362 77
73 438
920 409
370 624
334 47
84 530
180 977
220 466
771 962
419 262
261 624
819 927
393 648
266 134
766 125
307 9
310 199
846 53
376 836
979 660
671 202
993 560
833 795
858 382
219 392
94 804
224 610
831 129
941 705
727 80
513 986
312 133
422 382
254 160
345 323
57 183
480 826
963 823
731 307
593 310
789 65
118 459
707 314
543 960
86 149
911 940
684 409
139 931
948 167
401 108
296 326
61 986
908 629
184 507
847 576
84 156
891 772
288 425
161 925
805 92
865 417
169 506
245 206
5 516
887 752
9 577
340 117
827 621
990 235
205 785
484 156
408 717
575 951
373 235
670 921
723 549
697 584
783 602
719 344
187 379
153 831
64 494
227 618
466 462
124 790
509 364
274 969
168 348
816 472
376 31
914 761
538 61
725 820
909 946
414 196
606 708
242 587
244 397
10 325
396 602
606 599
138 481
305 400
533 216
756 407
449 589
780 560
413 170
346 255
493 380
935 357
202 891
132 598
684 43
354 706
375 888
141 972
77 974
974 356
43 194
436 974
67 200
953 220
755 375
668 582
982 162
472 935
604 912
695 587
184 91
238 146
80 220
812 677
248 910
742 546
69 864
30 766
90 397
971 268
735 319
632 712
616 220
454 790
818 520
47 206
303 176
498 220
860 991
455 405
938 881
978 834
652 647
230 927
965 600
536 684
596 484
947 114
986 532
529 206
631 802
580 816
253 696
455 584
24 842
60 24
905 699
197 401
839 998
933 365
866 832
794 229
512 862
486 945
583 477
417 670
439 101
942 132
448 984
84 731
182 184
846 339
856 613
261 551
283 595
230 148
625 922
257 384
873 416
50 761
987 184
916 244
115 485
354 887
953 891
396 726
410 721
394 250
859 994
334 345
384 956
775 224
104 897
323 161
518 130
33 116
164 970
426 77
917 315
274 137
458 634
534 875
441 648
317 293
284 5
126 911
621 424
401 155
826 652
824 114
441 618
496 792
355 172
728 402
970 499
387 603
22 548
227 486
669 707
943 420
411 255
51 20
677 200
135 884
776 151
154 279
942 740
744 555
874 742
288 465
519 810
905 582
593 843
922 899
904 650
135 946
928 16
295 808
938 868
966 459
73 8
314 802
745 542
249 719
858 807
569 808
133 366
429 207
870 134
125 469
343 258
915 645
932 301
810 897
188 557
335 942
486 409
465 467
328 775
916 136
629 583
940 246
134 69
941 331
216 808
603 340
286 949
567 305
497 769
809 953
171 448
215 923
147 171
384 823
294 270
385 610
632 435
680 394
651 728
178 702
431 336
416 247
470 446
700 799
916 716
3 767
781 762
757 562
533 237
416 102
949 318
721 429
740 415
809 999
382 640
56 444
133 344
887 457
445 86
658 41
237 276
459 870
353 511
958 268
373 928
50 313
790 453
421 430
207 381
942 256
264 487
235 29
131 998
903 636
173 351
448 866
302 125
984 340
827 519
885 28
83 14
837 153
909 828
783 871
330 477
115 865
150 160
842 368
757 323
903 179
745 395
141 80
124 576
453 418
400 562
556 46
741 735
832 725
5 431
907 5
945 970
820 738
430 626
676 846
552 692
951 212
702 714
538 875
764 903
971 807
555 420
883 51
439 529
851 593
803 722
518 187
665 277
404 367
996 193
873 154
160 987
747 881
608 473
247 344
129 976
593 11
223 464
781 828
639 984
30 368
354 584
806 465
275 107
367 977
977 773
150 953
941 994
411 891
765 766
677 588
511 570
627 709
111 476
646 313
418 550
943 842
155 382
179 372
576 736
152 956
13 965
86 261
325 563
74 757
551 325
792 588
61 985
62 274
984 244
491 484
118 5
800 198
395 538
912 384
342 605
713 750
499 863
919 199
80 716
265 122
748 27
277 387
305 297
959 74
486 827
434 862
736 546
112 332
610 455
520 992
852 120
433 30
777 137
929 35
277 357
83 42
980 292
325 425
515 249
918 214
222 547
724 801
893 694
235 436
880 559
167 523
442 6
387 923
634 530
429 268
233 155
196 41
508 267
415 89
338 72
176 53
621 861
378 507
152 62
269 718
556 95
725 816
979 544
375 891
769 290
147 370
419 761
367 791
149 448
850 719
320 846
546 52
110 111
807 191
114 82
955 648
327 282
756 596
884 912
111 496
579 834
907 971
251 245
950 943
252 537
400 498
273 900
860 984
772 106
562 514
658 113
821 547
748 232
306 87
273 166
844 731
968 757
321 39
231 147
841 427
43 676
757 199
562 503
581 425
196 585
501 352
296 414
508 473
290 132
408 601
904 638
961 627
410 235
582 13
624 275
991 587
797 882
562 217
186 85
793 987
62 932
909 981
162 314
993 812
957 969
637 341
107 602
92 174
76 747
225 523
45 288
989 457
93 564
367 85
778 242
789 978
223 522
24 434
445 540
713 233
722 57
566 236
894 681
20 128
98 895
616 353
9 145
582 890
234 668
618 102
591 760
172 602
467 794
692 289
363 669
368 757
447 739
771 579
41 66
769 601
818 683
955 882
649 35
781 550
35 860
750 181
995 983
899 935
956 716
709 772
878 729
458 172
994 490
961 19
598 232
252 940
633 651
460 609
75 862
282 833
743 584
217 428
606 182
398 923
681 29
467 309
191 864
361 601
883 764
937 964
636 744
343 48
704 72
121 170
304 326
605 136
165 615
794 105
23 905
442 690
62 589
4 626
98 573
138 324
340 610
788 766
129 15
44 158
220 666
567 752
715 775
572 644
472 295
7 187
998 170
357 50
860 143
777 581
725 775
366 89
546 154
968 248
452 425
380 59
842 785
863 905
738 990
528 747
873 189
342 424
863 542
242 84
209 293
506 673
592 994
997 341
673 103
929 989
33 128
87 461
143 79
630 729
445 625
561 682
433 843
653 61
694 590
769 933
611 316
648 818
631 161
401 528
74 734
461 305
919 476
758 300
227 436
263 964
933 224
868 395
467 370
88 125
645 333
978 922
616 563
304 693
467 227
857 815
429 247
575 925
897 561
787 747
679 691
101 699
762 231
585 870
571 439
19 860
799 335
124 867
957 679
404 837
41 517
6 529
903 285
11 877
173 917
15 877
14 848
127 713
665 216
617 695
907 552
656 501
851 370
634 622
357 197
841 86
162 469
382 360
96 337
439 995
229 27
704 149
197 573
474 466
51 836
169 753
63 21
925 218
316 558
17 965
694 921
952 360
769 374
826 257
386 680
167 59
977 235
321 335
322 588
716 336
679 92
367 599
947 604
180 53
40 640
613 825
108 311
578 51
959 914
619 709
809 893
661 772
30 973
70 782
853 199
75 228
795 175
133 460
961 219
875 381
916 805
829 68
338 481
857 779
16 357
325 229
531 454
951 593
143 916
934 897
350 328
614 693
157 940
201 952
365 885
799 117
14 530
832 997
690 511
549 264
606 827
849 550
66 19
103 231
555 852
994 280
411 77
875 743
555 741
629 796
845 899
426 531
194 535
9 844
767 930
56 620
238 340
257 299
521 678
538 844
133 680
25 823
436 895
826 195
771 734
441 39
872 285
944 186
952 602
621 638
108 494
691 880
454 134
540 539
228 479
95 777
182 838
998 702
934 406
562 801
742 195
507 878
417 773
302 399
297 13
151 894
522 638
675 864
438 718
147 527
98 99
482 130
785 113
18 864
330 94
260 933
139 572
14 716
908 913
551 966
102 389
748 399
74 170
735 659
135 985
836 634
409 123
966 493
895 771
439 103
296 783
300 815
803 192
676 82
235 258
92 393
629 222
334 506
893 857
991 872
232 427
672 856
858 611
72 52
78 110
154 518
449 958
38 680
612 517
439 555
270 559
751 178
42 694
869 3
617 58
907 298
216 765
163 522
717 79
864 909
683 323
538 578
208 97
150 772
356 57
637 152
927 564
87 187
94 653
223 299
649 320
812 756
217 662
51 602
747 969
234 812
670 99
459 129
811 436
722 521
339 71
579 144
824 73
308 474
60 523
118 305
100 772
433 703
368 468
665 776
869 552
378 21
730 302
420 786
207 153
355 319
909 338
123 715
786 415
715 15
607 117
44 821
407 101
321 748
909 419
589 12
455 665
447 793
305 816
342 757
491 205
818 110
349 88
426 919
923 489
83 116
581 285
893 539
165 614
42 442
943 991
763 839
358 25
291 185
180 841
571 136
239 494
277 13
6 965
989 266
112 706
828 648
261 537
393 657
675 7
782 406
428 141
546 296
430 711
270 664
806 894
662 498
869 214
337 77
102 719
663 796
423 27
134 202
172 793
265 137
873 188
266 338
329 990
219 478
35 188
941 619
341 879
270 293
517 812
510 834
545 435
857 449
711 490
754 75
521 186
744 77
643 758
288 51
838 985
916 701
740 409
174 547
781 585
216 277
507 790
937 347
652 762
412 259
180 221
682 417
810 378
244 722
575 702
490 702
970 356
818 592
610 223
331 290
434 514
615 594
249 562
865 267
795 480
411 507
491 169
872 352
794 168
614 537
406 50
407 879
339 13
837 246
828 479
904 567
687 276
433 65
331 211
328 361
291 127
171 981
546 763
818 372
822 660
764 675
180 988
453 416
721 656
95 81
870 51
393 653
760 78
996 493
124 944
211 515
341 688
269 153
992 284
901 702
404 506
726 133
295 104
278 500
548 529
385 467
205 242
704 831
673 800
211 865
285 58
158 312
622 381
492 610
821 967
494 240
405 641
375 183
178 721
990 624
147 54
186 528
939 178
9 57
375 36
468 634
655 150
342 151
60 604
575 111
455 651
237 581
246 307
337 629
319 685
794 667
296 442
460 373
728 477
764 299
801 279
634 986
826 834
208 629
44 849
179 20
863 70
117 288
578 210
743 556
501 129
658 154
572 436
630 230
226 248
250 242
452 618
406 111
865 424
782 762
552 199
348 826
81 657
723 798
463 27
357 548
430 208
555 937
38 521
172 383
136 957
715 987
213 689
399 688
115 895
261 703
858 797
514 33
538 939
560 943
410 550
686 569
965 360
441 324
3 589
704 462
79 510
637 288
485 51
551 624
20 904
292 661
924 678
335 529
360 419
163 896
557 304
225 719
924 725
87 33
369 260
641 839
527 972
534 637
730 791
648 700
146 708
163 766
980 62
518 52
760 546
781 862
982 161
80 223
545 123
387 468
415 881
622 123
344 792
240 277
520 790
131 471
419 848
13 999
341 490
952 833
551 363
368 56
352 925
443 566
743 707
727 35
731 943
164 484
679 391
740 862
539 272
961 166
145 465
957 402
743 417
84 34
783 522
11 633
763 604
473 670
296 865
210 795
346 951
434 723
328 338
914 585
383 308
940 713
372 59
893 493
317 646
874 325
486 7
489 225
328 161
845 580
922 255
45 124
619 411
858 753
401 397
292 939
719 972
131 623
779 427
410 570
626 708
145 831
609 498
183 259
388 697
996 470
285 303
379 572
819 779
234 361
128 150
898 390
756 502
118 107
668 784
461 46
392 523
45 431
546 372
622 475
314 809
538 720
613 188
379 282
38 907
590 228
594 283
958 840
150 773
651 800
413 429
234 666
825 21
699 572
688 299
582 907
469 587
403 893
510 950
367 523
725 677
677 514
697 444
882 960
900 231
665 926
632 743
412 393
265 502
643 543
346 645
408 376
213 211
293 107
296 257
170 742
422 137
374 78
365 393
65 777
299 807
130 267
496 343
546 899
143 975
383 458
258 103
296 974
922 910
875 98
404 572
461 573
26 106
634 263
361 377
396 424
571 282
992 821
245 279
927 433
766 363
823 224
435 803
578 66
993 846
79 257
727 501
943 680
289 839
660 434
423 308
996 458
375 543
656 681
949 988
536 367
883 88
833 819
310 793
195 459
821 387
825 960
759 731
336 19
659 329
806 424
39 475
575 229
873 989
491 87
109 403
511 515
648 933
561 139
621 504
696 945
877 31
643 635
353 387
904 109
118 141
47 131
967 50
518 568
115 487
583 98
913 114
252 946
805 420
184 594
615 589
286 875
911 520
311 300
204 700
404 495
321 632
236 365
516 8
701 981
405 264
338 285
230 279
359 113
634 818
746 817
486 124
343 733
71 722
55 201
936 873
112 185
629 228
171 980
232 710
175 720
306 417
222 725
564 980
746 979
623 788
883 278
495 228
559 81
699 882
48 71
820 749
842 593
358 759
231 639
530 675
155 823
802 18
287 590
573 929
601 660
671 468
485 321
252 76
238 11
463 137
299 389
589 781
801 91
274 189
294 184
223 354
631 353
868 21
835 963
497 753
952 72
381 754
476 926
973 462
702 148
43 777
726 14
449 82
507 836
455 28
691 844
403 641
218 93
868 331
339 99
778 607
123 404
35 790
436 511
535 605
526 128
835 672
624 957
127 218
681 202
477 951
244 934
245 426
670 882
896 951
288 540
828 458
1000 7
222 885
79 788
303 732
841 285
855 23
754 786
766 705
178 342
714 100
664 689
349 415
851 69
214 972
680 187
862 711
774 613
810 802
903 259
318 801
241 165
254 151
115 239
64 575
449 807
200 577
552 260
898 304
223 893
793 30
353 535
372 373
580 178
466 782
105 86
158 1000
984 879
252 262
343 436
860 194
194 900
547 920
91 52
897 249
789 955
521 565
133 807
492 560
418 335
704 796
835 34
104 56
177 956
715 535
199 443
190 138
104 71
198 753
227 810
721 200
743 911
428 666
861 92
458 469
742 689
724 545
757 640
579 980
322 343
145 182
899 989
23 333
597 348
869 899
890 470
895 903
437 823
645 370
773 845
978 977
173 625
174 826
545 934
529 473
326 17
2 379
204 629
297 301
559 77
778 804
411 309
348 872
297 446
886 488
597 875
853 721
247 678
73 135
201 90
554 606
796 567
358 224
338 116
836 907
488 537
309 533
201 180
665 229
828 375
730 155
968 402
922 367
875 709
336 701
915 730
309 311
129 81
404 93
133 633
51 992
451 90
56 522
58 216
243 220
134 93
103 632
307 699
487 793
642 896
275 345
358 526
911 300
988 689
211 690
856 783
655 811
722 628
90 506
218 183
75 354
807 45
846 557
854 8
17 685
19 171
666 818
62 207
464 682
104 321
345 719
367 744
78 885
946 501
44 70
52 848
236 213
938 849
69 499
415 539
92 948
53 682
972 432
667 418
170 630
546 364
201 788
790 428
169 310
402 606
874 629
373 911
474 871
456 678
370 788
459 557
577 322
69 166
452 818
453 7
331 759
481 198
13 351
935 788
274 781
98 585
706 776
415 236
771 860
612 886
921 111
500 964
270 542
447 735
12 360
418 947
537 447
646 747
538 992
352 179
194 554
637 374
304 54
106 494
168 709
647 215
885 632
413 253
215 177
309 444
418 477
331 82
333 6
732 98
376 630
267 920
795 507
890 833
780 730
125 789
453 782
773 303
333 360
483 327
321 352
712 335
752 652
734 780
271 22
95 818
226 575
133 17
261 108
82 955
1000 74
604 771
458 410
920 651
526 907
449 117
485 671
695 828
81 487
351 122
27 336
467 537
105 644
640 649
36 514
398 169
551 349
347 707
540 914
29 95
252 604
922 606
273 210
577 12
226 210
598 378
325 782
606 145
148 777
330 148
386 898
101 855
136 960
519 923
995 747
120 815
763 519
712 531
412 961
382 211
933 289
909 251
352 386
409 99
486 125
743 168
227 851
637 568
927 460
768 547
931 81
932 510
606 749
352 224
225 342
525 377
307 978
382 284
537 411
756 9
691 558
206 110
141 705
146 941
326 711
37 816
634 988
29 864
270 634
508 193
590 3
423 424
941 683
51 841
547 844
640 186
527 443
38 577
703 881
206 699
263 464
379 197
752 857
346 6
73 838
238 8
545 18
190 239
151 632
693 220
659 356
333 47
290 705
935 51
919 686
556 804
170 123
686 93
563 776
983 295
713 775
113 115
475 628
994 732
976 447
963 715
644 278
702 100
668 140
139 934
925 283
882 664
277 828
369 811
226 916
131 571
260 75
622 814
292 287
40 816
406 259
703 491
670 736
438 656
900 365
259 127
888 515
705 211
784 718
1 724
738 29
500 376
999 870
411 473
106 979
767 410
733 278
201 957
329 112
2 182
794 138
482 590
447 928
164 559
749 524
730 362
906 595
600 324
656 54
106 245
897 828
898 239
495 805
261 701
724 813
173 97
699 505
718 263
884 43
239 378
91 361
401 939
119 703
120 263
376 881
565 513
609 325
958 624
190 425
797 351
124 437
453 821
646 108
333 351
725 941
998 595
674 125
933 656
611 495
494 146
794 770
263 208
997 281
602 203
215 716
5 30
282 693
907 638
402 336
640 339
125 575
610 577
886 946
373 741
302 547
450 878
342 800
180 187
471 900
330 744
187 865
919 400
479 393
579 983
322 340
273 120
751 573
39 593
672 66
23 447
5 720
724 286
338 561
361 976
359 325
622 693
164 373
809 120
439 301
848 530
575 577
995 722
36 30
809 282
978 643
120 871
83 93
853 577
43 325
947 388
532 679
879 961
475 391
24 621
748 195
559 275
192 419
177 49
710 997
895 427
453 324
22 443
580 497
482 692
656 417
457 914
594 213
465 944
679 559
215 963
879 276
129 80
516 836
370 260
119 643
177 364
91 482
517 642
989 453
25 784
959 421
873 52
730 727
177 765
811 890
134 237
502 555
312 211
149 480
172 967
128 293
536 162
532 73
885 935
938 557
601 636
693 20
453 768
147 112
20 482
939 252
977 833
212 586
765 674
108 747
180 232
952 1
40 603
728 488
583 858
415 996
414 713
588 44
881 62
421 83
867 352
317 2
891 997
198 271
1 961
809 954
139 860
784 616
433 414
302 113
252 936
353 327
575 532
465 781
853 402
583 96
700 299
188 119
500 257
376 271
946 167
912 347
418 524
560 616
662 875
170 834
278 96
705 308
634 402
589 942
164 79
992 856
365 826
261 979
499 376
597 767
943 999
124 859
128 520
699 323
101 613
266 906
550 926
755 728
21 164
684 676
102 17
598 906
88 514
570 335
914 845
422 904
595 703
206 19
104 693
49 244
679 967
346 414
718 238
831 437
267 778
675 153
110 350
863 868
55 683
572 631
6 117
483 616
512 490
513 71
396 893
806 716
793 503
209 136
816 944
980 899
471 520
750 281
475 845
260 375
564 421
600 918
342 31
803 539
792 296
223 264
104 128
787 495
717 850
630 733
627 693
542 263
284 51
69 803
948 90
750 234
96 979
479 432
263 947
655 93
752 506
910 330
639 615
861 553
181 599
27 113
532 750
844 648
425 814
942 261
378 790
269 101
700 463
573 55
991 344
968 767
212 145
430 72
487 41
605 454
862 463
776 406
904 683
357 525
709 312
788 969
573 281
620 788
749 952
552 12
917 284
477 277
888 420
617 554
305 140
520 761
560 902
67 337
444 561
998 104
395 415
346 451
55 489
495 230
298 622
470 928
452 235
71 899
385 310
401 933
483 567
251 563
50 698
413 832
21 267
3 880
414 826
162 179
974 62
84 137
564 522
843 629
897 445
80 103
299 391
156 260
215 811
200 576
575 27
880 432
155 708
216 470
705 662
942 869
386 863
934 505
972 132
795 901
924 39
67 453
817 945
204 877
78 946
155 403
763 230
819 184
299 982
718 942
130 687
645 284
117 301
388 267
264 313
945 834
106 574
36 773
75 873
403 974
321 681
28 464
208 285
865 133
884 743
791 117
540 443
762 263
525 41
801 961
387 736
552 488
275 899
774 603
850 245
597 536
46 278
666 227
81 961
849 100
211 706
37 119
25 138
899 49
637 317
747 421
826 92
257 303
24 462
635 708
727 300
450 312
17 891
521 571
814 612
102 650
271 939
424 786
833 618
66 379
398 298
453 965
350 547
2 251
426 83
688 187
545 399
998 547
359 819
855 174
795 579
428 638
319 893
904 643
739 830
631 244
228 313
781 573
511 682
460 404
541 157
299 542
448 372
450 670
860 981
648 93
12 794
361 838
35 645
678 105
79 724
889 344
706 382
9 534
912 481
224 457
922 774
887 722
445 379
253 690
648 266
867 414
740 912
889 442
193 627
893 617
219 767
974 637
837 203
537 647
420 269
611 530
704 144
997 565
64 383
980 325
853 561
729 579
125 346
876 502
384 374
1 153
187 123
916 266
172 493
615 91
141 550
223 962
701 622
6 507
734 934
615 168
654 860
452 156
200 77
491 702
295 326
6 255
888 186
118 629
211 591
399 292
186 403
10 69
138 30
67 396
613 185
264 950
860 454
823 754
509 66
940 302
372 664
601 722
42 468
405 710
725 561
467 801
393 134
198 723
125 593
716 404
661 501
310 717
792 380
646 363
212 587
782 347
198 610
458 503
130 629
147 849
359 659
403 699
647 996
317 1
213 208
696 246
8 443
347 790
424 473
758 372
423 661
687 824
765 884
240 97
969 139
80 762
154 273
254 159
948 443
1 738
398 924
519 800
706 757
70 116
873 348
95 451
667 194
356 432
619 205
140 66
567 933
825 356
274 418
334 312
155 998
469 875
76 983
487 814
12 155
177 488
663 340
222 764
650 533
651 308
409 897
140 823
768 712
732 185
646 721
241 754
556 367
63 905
871 806
563 593
825 634
400 603
63 798
690 628
747 621
10 319
275 262
883 93
371 881
673 943
285 417
755 23
918 735
595 958
247 221
872 345
289 23
492 634
873 432
775 339
66 854
281 804
104 129
165 398
151 623
193 239
917 807
611 291
134 522
597 100
69 691
71 101
18 115
598 263
974 86
173 661
501 312
29 401
195 134
770 617
329 495
238 537
978 772
985 194
341 272
294 686
544 181
804 751
329 201
527 884
409 289
139 632
661 979
453 104
182 574
865 376
5 971
121 216
853 663
126 331
538 177
166 726
975 100
286 411
348 405
474 923
861 29
737 23
940 652
509 163
914 799
194 669
619 356
197 774
537 409
846 397
847 532
206 108
188 719
82 454
362 854
309 365
261 394
165 857
447 467
132 633
498 489
480 612
599 973
671 320
530 852
443 875
163 633
590 176
612 680
719 596
636 310
327 671
755 352
405 613
639 966
621 695
233 654
660 917
207 874
639 855
285 856
693 75
15 301
924 177
247 680
17 363
473 89
293 817
191 483
126 856
498 655
696 174
921 719
39 572
45 575
27 92
250 143
35 633
87 784
861 957
273 188
292 360
891 650
515 944
292 511
19 673
496 658
151 420
49 742
377 241
861 863
940 594
814 207
671 706
14 535
145 676
793 848
978 300
172 379
945 189
620 889
197 216
126 246
400 886
221 194
11 758
480 452
813 510
373 391
585 103
931 79
466 24
129 473
793 114
944 450
618 249
722 75
813 160
46 753
794 22
33 662
231 527
242 804
115 14
500 732
780 958
894 292
272 749
263 417
966 864
200 415
377 67
974 367
760 695
217 764
346 24
916 428
773 357
830 366
781 858
886 592
413 374
161 389
881 310
437 368
282 691
982 20
215 60
610 607
310 657
649 9
905 151
159 916
588 10
660 655
865 651
759 83
691 307
873 692
92 828
75 54
778 961
164 738
654 84
957 183
450 526
568 405
342 512
347 954
829 498
903 783
575 754
670 706
486 767
745 400
52 669
252 701
199 798
205 672
525 926
134 911
31 993
495 756
919 86
431 425
943 860
110 917
473 738
537 533
867 494
232 578
227 911
103 32
766 736
948 885
606 905
130 244
993 68
866 714
996 877
415 794
38 69
803 199
236 598
375 655
168 462
866 701
153 62
694 367
533 803
76 658
457 912
901 847
224 997
791 495
560 847
44 176
906 855
38 414
214 512
346 440
967 93
186 33
663 529
812 173
814 679
124 757
430 684
453 757
522 278
148 237
563 644
824 530
162 137
133 937
317 104
357 331
344 85
768 216
109 427
56 73
310 706
725 673
375 488
437 709
441 514
43 850
156 19
468 813
53 405
769 972
511 841
242 494
286 120
265 701
907 890
235 891
952 865
865 512
645 194
481 287
718 999
347 902
956 808
306 743
503 648
126 477
406 43
69 163
197 126
511 274
738 178
477 158
871 498
287 141
662 727
685 362
23 903
429 428
547 281
342 681
791 386
978 391
559 678
548 181
966 748
419 379
383 522
993 834
426 581
29 744
448 729
59 421
287 816
291 309
220 373
385 296
483 541
101 214
928 894
46 553
30 210
840 90
180 539
254 544
626 631
774 221
997 526
101 39
542 216
287 598
42 663
314 464
918 753
