1000 9899
30 396
604 817
360 14
683 418
38 918
746 462
128 259
256 456
797 39
378 481
621 355
638 579
990 552
898 938
169 970
118 487
321 135
539 882
181 691
368 358
691 762
549 760
368 501
468 313
763 220
946 404
123 381
606 378
863 105
723 698
516 324
134 821
339 837
32 811
360 744
435 214
277 519
350 455
395 580
1 717
993 305
22 805
709 661
356 963
912 185
777 151
398 744
239 698
519 916
850 493
412 811
763 536
338 221
953 780
746 750
757 42
904 572
154 135
232 699
304 280
710 912
359 194
453 137
183 48
990 416
120 16
486 195
895 365
328 253
720 815
572 832
774 524
520 763
353 670
673 767
802 989
954 128
920 272
262 195
892 989
251 580
159 345
185 822
920 191
941 279
194 956
86 630
785 811
609 687
336 469
836 386
105 152
893 239
494 10
223 584
150 854
816 862
618 326
431 543
765 681
685 564
688 280
618 745
820 813
380 228
553 942
237 173
994 720
647 760
371 539
523 438
377 602
910 346
949 496
293 380
954 550
460 227
562 823
826 543
824 6
368 386
42 207
632 803
65 102
312 321
360 550
469 140
606 455
244 70
576 534
424 259
27 382
743 730
286 937
565 418
194 687
296 221
539 267
465 826
654 232
217 381
917 890
541 586
778 780
800 332
875 256
182 616
330 183
611 794
856 699
852 16
563 95
13 386
644 740
884 737
25 332
406 211
870 916
909 200
801 967
235 143
292 222
7 477
63 669
921 4
525 440
586 166
932 398
37 622
27 520
474 751
186 155
309 735
186 10
101 375
362 843
453 528
148 66
314 182
669 480
29 833
546 365
621 999
253 419
378 50
883 20
124 569
68 776
894 692
759 750
925 184
699 535
122 576
618 717
930 758
739 979
27 511
9 88
247 88
255 637
312 903
152 624
652 857
63 378
916 927
783 93
865 650
618 434
820 470
326 363
433 440
942 609
523 769
249 270
984 215
94 102
576 993
263 276
905 449
914 273
214 450
111 19
912 370
52 525
404 694
648 268
903 556
745 776
62 738
50 218
110 275
842 78
644 728
230 467
583 469
439 125
206 280
390 675
32 862
267 436
152 431
876 496
642 88
770 5
628 369
614 260
45 119
629 841
797 621
49 205
414 455
867 941
103 487
513 207
884 296
100 383
751 184
111 89
133 775
264 714
836 474
643 144
953 226
864 899
683 441
3 987
853 293
299 432
450 60
29 363
398 260
56 219
368 669
542 415
691 963
313 135
425 379
557 578
655 213
397 709
878 840
494 399
579 124
674 977
719 332
725 386
804 535
9 679
31 678
123 705
948 278
934 225
886 46
518 296
47 456
325 790
74 22
793 999
575 614
905 590
783 666
988 408
57 173
639 17
628 294
828 416
850 296
961 705
145 658
803 226
590 670
771 832
900 868
708 301
744 17
448 683
361 414
881 855
73 274
295 736
232 397
876 762
181 476
612 592
314 255
78 76
909 724
253 506
823 818
132 647
254 492
158 183
436 215
894 381
570 31
973 114
333 403
405 518
873 166
109 364
660 12
437 405
705 621
81 459
484 912
78 520
337 754
925 17
177 841
786 825
396 258
372 924
40 570
494 427
80 299
843 918
842 379
247 806
220 59
938 817
297 79
653 794
88 68
434 80
74 443
627 813
95 259
41 664
445 304
696 498
370 933
420 616
443 851
619 794
474 839
572 140
535 504
753 108
103 26
909 163
715 949
538 191
704 171
832 912
779 699
942 85
301 51
286 409
123 809
167 726
711 812
350 178
491 350
191 539
944 329
214 879
144 257
932 506
293 982
496 820
922 304
432 12
604 466
516 648
707 971
949 906
368 793
663 600
280 31
618 421
86 631
893 125
200 278
592 520
630 288
462 698
500 617
160 612
877 553
785 955
806 751
167 931
759 517
280 317
742 989
356 104
214 465
600 966
216 699
380 118
642 759
185 384
764 580
332 241
547 686
161 511
578 224
464 328
63 496
963 830
985 282
454 951
864 681
688 583
817 805
51 265
329 687
919 392
132 78
688 726
583 799
450 697
71 157
485 913
936 383
717 550
369 952
390 866
431 673
587 6
326 46
330 37
244 931
841 141
134 929
691 461
691 100
69 344
342 708
329 235
901 351
421 731
633 821
652 329
508 903
508 863
932 169
663 75
391 260
253 909
514 281
960 389
455 893
496 626
867 581
935 276
690 502
89 965
110 729
827 179
165 568
295 633
921 186
614 281
45 18
909 937
713 56
508 428
431 942
187 193
559 601
853 892
909 570
551 665
842 495
239 157
81 855
369 726
819 821
298 720
885 572
447 497
953 340
422 689
404 420
506 526
108 846
146 687
555 265
424 789
778 56
860 620
73 870
71 539
389 106
1000 119
621 665
878 120
485 333
62 69
246 742
75 900
194 69
469 77
74 575
128 710
389 780
251 141
34 621
847 777
424 337
703 341
389 925
411 125
123 439
754 367
627 967
589 908
395 673
605 760
145 58
862 217
455 285
239 759
154 312
714 848
861 927
184 527
4 282
903 670
173 509
305 781
108 214
400 39
946 14
106 819
268 102
329 16
548 764
164 777
767 11
786 878
149 854
45 997
796 675
73 484
590 643
573 463
278 789
672 992
681 630
721 577
124 196
120 943
512 740
750 948
606 568
663 531
564 824
251 527
456 396
290 65
699 344
771 658
336 271
172 157
877 288
981 578
950 327
954 778
668 524
266 264
986 411
270 336
958 221
65 914
462 908
639 920
765 717
971 338
130 814
312 53
593 484
578 336
227 162
318 207
545 25
180 244
296 489
189 354
817 877
692 79
472 170
471 932
75 71
282 662
259 268
118 292
118 187
912 546
783 289
38 472
985 105
723 672
868 415
139 883
218 756
187 623
922 758
65 335
912 448
676 441
631 793
634 47
947 198
641 951
127 110
222 822
278 100
463 40
525 29
32 606
73 166
438 894
865 194
59 375
825 531
888 285
434 753
594 915
900 982
430 532
136 891
943 592
542 908
829 321
25 37
465 350
907 131
288 13
140 818
510 318
2 783
42 992
745 295
581 969
452 145
314 252
285 269
475 931
447 737
996 327
465 137
910 947
113 671
773 409
963 39
729 56
473 311
971 528
298 970
959 51
337 864
802 490
986 127
803 543
381 631
328 637
521 338
311 872
891 310
928 316
214 89
472 872
933 549
899 749
845 281
665 979
557 677
137 170
179 355
645 282
938 28
351 97
8 89
562 992
891 20
606 489
905 318
9 881
636 686
891 901
32 190
36 670
130 711
493 673
866 221
282 826
265 552
269 16
680 649
827 746
203 276
135 747
463 238
451 814
536 738
1 707
294 694
410 732
605 450
277 487
830 557
461 731
776 617
170 792
707 50
550 559
361 488
289 539
935 900
249 611
305 273
456 131
668 944
98 840
906 877
361 10
513 133
988 929
149 209
617 985
689 452
931 259
626 921
784 806
664 134
286 405
465 897
195 28
223 586
205 235
891 500
547 704
237 794
242 112
722 422
656 824
329 844
346 946
844 149
818 928
194 126
379 38
365 7
26 679
639 801
551 495
536 956
425 195
43 668
763 618
583 798
431 93
804 985
114 747
722 67
554 614
565 416
930 767
861 521
274 379
256 786
888 921
209 854
728 194
639 404
341 305
933 29
131 47
903 693
299 869
781 217
87 337
822 783
677 24
582 254
865 296
67 826
874 438
784 850
697 811
704 25
325 15
827 837
899 304
24 534
666 461
315 41
905 871
357 958
595 312
412 849
932 392
258 331
701 725
888 452
656 777
796 719
380 608
403 437
519 297
921 42
558 433
444 721
618 228
945 924
619 325
197 999
475 205
348 373
976 566
7 309
335 617
108 695
27 667
827 257
24 466
547 926
287 667
110 282
457 676
521 575
67 37
513 899
163 534
441 920
744 351
262 862
467 920
319 923
158 287
87 175
769 682
879 179
670 250
147 91
739 981
422 483
48 564
86 92
419 248
8 386
602 502
109 230
511 854
995 29
522 663
246 385
359 610
914 807
458 177
791 721
957 201
880 474
255 290
552 377
235 958
92 605
663 136
369 564
852 199
429 786
395 910
161 800
145 347
330 169
166 563
593 869
353 24
231 27
685 498
188 846
282 391
577 990
50 171
70 302
71 515
573 349
187 14
192 440
858 841
824 985
516 547
25 72
517 69
193 770
680 300
519 269
424 859
797 619
444 757
600 579
18 70
875 699
552 742
970 605
475 41
955 740
244 282
906 805
766 163
437 157
632 195
134 87
673 936
124 359
750 663
508 6
739 642
668 12
208 202
450 704
427 104
671 261
343 180
322 181
256 368
21 688
224 548
703 948
561 987
51 565
12 789
643 985
950 759
113 988
5 236
777 131
924 982
962 129
133 271
714 990
630 714
824 533
852 688
372 954
446 385
268 993
949 310
933 913
726 72
716 118
41 442
739 175
849 331
549 850
861 704
473 775
40 894
866 310
460 523
722 946
961 234
134 844
490 578
550 68
348 548
661 949
313 799
577 58
230 512
946 209
792 187
217 443
734 112
365 531
205 894
403 778
832 232
986 30
135 535
926 806
563 104
486 873
842 17
223 560
511 142
573 159
408 527
465 546
407 835
339 121
787 983
35 272
995 578
465 691
374 525
603 885
748 378
35 525
589 826
20 523
307 304
177 80
362 92
326 563
628 343
903 321
580 466
509 12
813 84
337 155
724 977
963 379
637 368
379 608
237 642
163 867
631 771
883 176
884 159
225 558
851 462
509 878
989 548
140 665
974 267
220 662
938 473
410 950
626 852
256 348
120 64
540 548
522 107
99 658
803 542
309 77
988 514
403 396
833 455
969 221
918 451
109 396
122 721
555 126
42 328
363 513
46 311
863 436
576 670
243 875
638 886
448 257
844 613
980 120
192 774
908 580
342 988
881 174
38 453
885 997
574 155
443 631
995 930
354 38
528 575
838 284
341 284
71 135
57 717
5 533
28 346
569 333
931 539
786 266
995 640
945 427
287 332
144 214
535 506
791 108
908 136
267 272
697 895
340 681
664 715
883 449
334 395
228 650
154 821
98 982
303 634
46 366
713 147
733 240
774 696
113 424
468 71
115 137
6 808
543 560
450 446
362 850
828 539
133 699
564 753
513 53
452 359
636 57
461 239
709 413
551 938
272 788
898 760
574 537
24 149
212 826
194 861
855 16
130 641
649 311
156 257
583 618
470 97
18 286
556 802
425 288
722 566
336 133
890 564
377 607
428 685
748 570
751 833
935 190
938 110
706 194
462 884
891 66
88 661
285 965
436 343
420 636
740 421
796 425
302 632
639 689
964 813
382 682
454 855
860 974
499 842
156 965
235 836
201 756
737 538
916 959
829 490
406 261
905 426
709 596
385 109
53 748
378 823
92 745
678 288
809 151
610 975
95 502
485 767
226 355
615 767
462 518
434 323
430 105
14 616
920 388
365 876
926 905
897 919
33 878
328 318
491 794
993 60
799 298
982 884
386 309
405 23
524 115
127 660
78 838
336 519
780 852
249 638
840 183
534 431
99 808
81 853
82 422
618 859
513 224
676 660
471 120
132 714
918 953
355 515
962 617
979 701
656 744
234 396
367 168
99 518
315 581
561 813
390 145
994 809
998 597
711 644
324 556
368 628
539 831
182 881
851 853
206 64
30 346
142 816
199 321
293 652
795 582
652 965
579 191
907 628
830 76
298 165
891 110
431 387
587 361
454 800
117 746
905 228
621 185
798 633
178 862
296 301
424 398
322 449
741 383
826 977
44 842
260 799
804 732
889 460
482 778
509 880
880 185
862 505
603 370
156 638
196 691
268 96
163 266
991 556
406 242
36 827
176 655
176 334
909 233
857 520
418 708
663 478
206 287
577 665
173 46
871 91
250 611
414 296
822 677
35 85
589 742
579 672
76 831
448 174
827 868
707 615
764 652
746 899
948 919
466 858
715 789
21 108
375 65
480 706
278 629
798 364
513 204
557 251
940 5
279 917
963 188
968 198
290 462
437 13
114 138
189 47
17 146
157 187
466 527
156 553
785 897
660 107
994 973
685 744
91 823
539 795
756 515
795 693
356 177
52 138
355 746
372 955
212 592
599 324
40 577
256 526
222 361
78 717
625 435
640 676
787 183
702 38
283 148
985 114
274 305
494 748
705 115
924 411
800 169
671 385
329 327
705 236
796 221
209 925
396 243
697 896
803 537
580 799
763 387
891 694
395 941
53 853
130 434
204 743
98 382
207 128
816 711
988 411
239 531
41 902
405 365
745 634
672 513
418 744
805 972
944 672
193 892
656 116
604 346
767 190
589 650
442 294
44 257
764 656
860 99
205 274
280 919
278 678
500 882
945 987
270 758
777 738
798 328
893 86
784 502
972 587
405 914
621 940
731 148
16 159
458 848
673 51
711 703
492 631
334 438
596 909
426 133
815 749
670 160
765 382
802 488
640 499
219 326
42 437
388 217
63 473
691 544
86 42
237 86
591 855
479 41
415 817
860 884
848 148
157 610
375 377
912 753
311 657
386 712
494 537
830 151
537 281
377 269
370 768
360 605
456 924
91 735
222 103
463 891
446 623
381 890
454 10
936 277
773 654
353 357
174 885
127 191
330 159
404 205
449 231
322 811
785 193
182 563
572 143
790 306
828 97
331 571
44 560
830 723
444 378
861 231
610 425
719 249
50 880
452 940
715 622
735 611
790 391
490 138
733 94
479 276
917 407
542 636
780 177
110 546
650 645
671 41
506 791
50 549
34 190
533 200
38 670
699 176
479 568
950 401
107 941
924 714
872 636
798 55
881 547
495 307
695 169
414 847
459 354
464 444
907 762
433 899
251 900
859 790
324 600
664 469
782 357
147 942
124 758
994 727
612 26
530 277
307 180
623 378
751 689
424 376
425 193
764 316
658 497
643 607
661 778
406 683
834 302
377 297
566 665
28 264
781 326
892 591
820 284
364 240
455 715
558 904
742 530
249 80
287 402
553 8
934 959
459 541
829 62
463 125
546 963
230 344
446 869
912 153
588 566
457 12
809 295
334 714
154 116
912 40
779 163
810 471
496 629
689 858
905 869
187 85
102 64
15 843
549 399
864 447
976 665
573 537
888 53
906 700
104 612
980 525
534 428
438 497
885 392
832 524
228 909
275 384
30 159
747 411
106 289
271 659
38 533
152 440
617 68
944 180
708 149
769 319
733 614
918 664
371 733
445 638
237 851
23 119
30 506
355 881
194 209
324 956
55 828
811 66
99 372
63 273
411 848
213 484
198 632
753 247
60 633
264 857
490 842
342 827
695 893
244 655
386 513
301 35
752 312
562 569
313 769
558 565
377 438
435 274
866 114
916 321
852 193
672 295
785 346
162 909
986 651
644 821
300 515
175 461
322 787
72 610
474 826
364 506
105 14
595 270
297 567
62 881
871 453
833 315
286 581
13 307
931 816
179 567
310 351
292 254
295 649
775 643
372 12
979 28
14 871
955 7
188 942
745 447
817 26
11 943
513 289
895 289
842 447
202 606
77 418
793 81
442 33
710 766
380 757
432 297
647 235
842 657
975 671
731 139
641 167
7 878
118 566
309 66
459 90
848 508
665 730
918 676
280 376
320 677
394 448
507 73
43 939
778 426
462 915
380 296
273 674
313 353
856 534
333 606
544 739
835 292
920 550
134 544
998 803
160 107
87 502
396 291
530 602
866 325
60 396
317 27
467 240
143 643
436 447
459 886
278 430
830 843
997 694
562 733
657 247
1 843
992 642
682 322
499 946
460 660
101 938
887 287
49 583
748 199
107 201
179 196
507 723
37 238
476 386
39 848
407 331
637 857
709 700
726 522
31 960
454 457
554 939
533 767
2 121
455 945
774 763
480 163
689 785
818 247
286 417
400 804
935 780
558 13
689 866
14 835
550 222
828 275
426 703
820 461
228 615
154 846
605 597
70 457
626 654
861 469
920 313
314 39
690 753
753 475
139 111
103 438
875 665
34 155
950 149
404 121
561 138
765 170
927 879
822 83
897 136
439 939
945 644
831 613
788 86
664 220
954 74
195 434
894 442
155 102
952 343
332 201
739 614
423 226
405 627
622 222
642 670
740 173
744 40
484 867
124 218
307 810
36 581
532 177
720 49
60 284
360 928
968 703
826 709
776 959
579 775
799 990
657 945
437 597
922 567
523 764
285 513
347 840
921 757
578 196
890 210
109 974
763 378
813 976
83 335
121 683
197 392
656 746
98 400
139 638
50 15
36 974
865 370
795 363
743 369
476 132
349 434
6 637
84 833
415 660
736 368
137 883
83 139
526 464
736 239
720 804
572 861
147 308
300 120
873 330
304 123
712 840
659 835
715 847
24 330
24 169
658 888
721 799
993 978
335 519
817 268
926 510
891 378
287 672
823 786
645 462
495 461
833 790
319 82
750 333
931 405
860 277
642 576
808 963
788 217
521 397
193 757
333 260
579 52
963 917
734 976
693 394
458 599
755 279
350 985
281 778
323 387
671 553
385 868
117 611
928 202
912 847
696 86
271 272
687 664
845 33
618 775
964 815
288 216
17 510
159 701
259 329
832 389
734 829
652 656
339 759
212 367
565 429
17 399
792 711
300 762
161 241
248 369
679 618
1000 22
166 443
614 454
408 683
340 122
141 119
168 43
79 799
672 651
946 102
417 796
35 349
643 26
455 1000
663 71
650 866
957 358
117 249
173 183
818 44
432 383
879 949
310 368
372 41
101 597
694 490
970 834
659 136
392 940
177 414
534 50
197 923
997 764
724 932
375 696
444 487
237 695
620 801
629 993
868 623
760 112
577 846
600 537
396 990
200 167
879 361
312 481
521 723
101 233
48 491
357 127
621 994
747 555
930 400
796 681
453 684
147 273
954 899
516 910
833 754
637 24
820 1000
876 988
310 990
683 336
305 66
337 796
526 702
161 46
197 180
329 924
717 49
760 556
36 246
380 261
425 258
58 266
870 192
30 747
629 309
296 497
998 772
752 426
96 914
40 958
630 625
791 722
429 621
284 114
251 495
161 987
326 511
628 779
644 16
517 302
994 77
763 264
726 892
840 827
89 361
398 907
348 754
934 841
761 287
245 118
597 897
938 621
174 385
342 740
515 914
258 153
558 788
746 604
191 961
767 422
36 6
75 616
170 844
978 266
301 119
983 639
344 742
737 81
612 859
281 251
489 120
167 212
885 506
172 123
656 296
505 902
331 227
573 685
426 506
479 657
871 904
309 300
582 453
125 38
586 520
147 444
475 91
827 302
521 719
725 887
301 571
929 370
141 914
497 516
219 94
536 396
30 410
622 336
328 758
573 992
975 956
909 670
561 984
156 468
436 68
789 553
26 875
501 523
7 668
946 648
74 607
536 840
296 493
919 607
425 143
134 545
621 411
880 283
936 351
421 91
998 947
251 282
716 192
790 603
141 810
653 753
505 155
30 880
14 405
507 613
236 93
536 661
187 611
294 645
79 689
210 576
948 386
790 421
563 403
268 439
74 98
539 20
818 101
378 732
990 319
188 877
818 244
433 82
126 161
699 347
477 265
997 594
338 81
581 147
757 370
44 259
382 971
768 719
287 937
425 879
167 711
977 319
996 621
62 532
505 930
958 673
63 775
409 676
998 166
46 563
146 977
256 49
358 533
523 85
859 989
197 734
881 517
937 891
958 899
653 970
994 242
566 196
398 378
110 64
578 750
171 76
294 138
850 538
319 813
378 491
656 879
273 653
402 43
954 524
355 25
85 224
568 134
587 674
455 50
853 235
535 563
807 814
131 281
544 494
467 401
105 796
587 384
805 473
626 358
221 642
451 901
731 993
274 674
772 165
277 513
875 282
70 56
843 376
79 295
836 647
454 298
576 204
267 67
653 555
123 959
54 767
326 880
467 792
131 866
74 945
780 77
230 412
417 593
845 718
910 666
22 392
541 932
600 480
710 805
254 97
774 714
935 896
242 601
191 235
685 217
362 155
543 207
237 722
989 355
276 498
205 308
208 472
813 181
158 480
764 549
505 958
306 697
317 609
662 314
946 765
263 510
63 827
214 325
893 393
974 491
405 948
750 338
163 638
848 310
67 218
694 917
807 142
185 395
781 815
378 412
165 474
629 248
755 278
833 416
173 959
303 332
761 714
146 505
592 135
467 591
240 371
955 950
920 729
786 56
182 977
297 29
631 14
579 627
50 383
583 939
457 327
238 572
389 582
139 703
726 849
982 719
565 477
515 808
2 365
735 909
128 571
776 348
316 13
83 362
968 411
303 881
606 122
519 865
180 145
478 265
505 429
503 846
988 430
754 776
315 188
742 440
980 186
710 103
822 557
131 463
770 136
380 525
841 101
684 725
241 738
478 698
82 131
444 638
852 355
749 42
924 16
969 137
495 157
421 794
153 468
933 803
620 534
261 629
551 660
59 782
499 199
945 993
711 978
232 180
355 516
561 209
185 456
297 943
264 724
393 944
357 463
86 775
972 796
846 829
349 891
560 486
950 751
555 157
242 144
170 181
686 789
796 90
104 177
516 809
804 592
125 581
146 330
165 510
702 303
769 5
742 732
922 602
91 970
147 972
151 940
133 225
372 977
322 314
189 202
268 735
786 28
92 827
184 310
866 302
758 352
425 76
230 905
726 770
753 928
385 375
844 377
826 988
939 536
118 114
339 771
514 549
828 197
672 313
931 313
44 619
889 66
373 209
746 306
729 425
163 271
956 208
763 710
373 109
857 525
841 176
989 24
287 632
225 203
120 991
103 174
107 299
456 829
442 188
336 599
745 445
659 781
572 774
472 338
352 161
228 988
615 160
763 917
712 897
523 544
55 297
337 204
983 205
196 129
437 153
846 127
483 631
866 480
488 223
492 767
760 655
574 581
538 551
885 652
389 499
191 31
915 819
953 228
534 539
557 410
150 784
637 172
30 298
450 227
882 21
310 554
441 809
299 455
462 913
29 242
307 976
894 948
273 672
471 605
630 718
811 416
939 247
619 241
778 315
507 169
661 622
775 356
557 717
27 334
320 678
224 768
661 735
721 460
842 80
388 405
999 541
1000 645
319 639
982 277
464 962
947 47
329 324
476 493
153 566
689 676
100 765
139 711
212 23
395 593
490 721
130 286
918 367
900 302
212 134
714 192
992 994
844 579
426 229
4 394
830 570
300 993
999 161
156 605
813 300
588 632
295 734
921 347
880 902
738 316
79 244
707 695
390 641
339 347
783 902
849 602
109 401
355 947
859 931
488 910
616 871
788 643
720 713
793 51
461 997
304 32
915 512
606 537
519 386
940 85
947 449
746 132
837 747
827 333
846 91
498 509
337 953
854 614
949 850
359 902
916 13
204 303
370 3
704 815
122 672
85 540
525 783
858 284
954 811
526 574
405 501
878 74
773 166
761 952
831 112
579 235
172 563
191 273
293 321
479 42
407 473
7 643
307 861
838 991
94 410
857 239
496 133
554 73
661 755
97 546
259 367
852 950
999 513
164 464
990 988
442 734
294 855
964 651
833 7
778 896
14 374
3 454
559 158
378 799
676 474
325 244
350 345
466 330
49 754
1 631
643 32
633 908
176 763
638 415
361 689
214 734
576 124
6 627
98 752
616 877
712 620
131 317
823 168
427 603
335 882
508 390
35 110
516 743
673 981
634 512
893 789
287 908
276 499
119 685
210 139
159 326
811 927
884 255
578 958
324 444
310 833
915 755
379 366
931 407
660 191
78 332
962 291
233 741
640 35
702 417
206 560
467 880
584 320
38 857
833 423
422 630
998 655
841 99
164 647
864 687
591 820
243 730
66 161
263 889
250 94
146 9
517 657
94 339
702 18
311 630
160 330
817 936
602 398
621 98
464 934
91 655
221 628
397 51
520 405
854 537
601 206
216 925
792 713
815 183
250 151
256 989
637 417
409 608
991 278
169 491
716 538
178 107
255 107
40 88
810 612
889 381
944 958
373 252
546 990
875 150
324 373
823 494
588 561
10 643
83 75
121 252
162 582
153 185
962 929
157 705
853 548
36 194
917 327
131 750
478 699
119 915
597 559
513 474
71 824
978 70
889 993
307 759
513 331
71 969
522 491
150 440
104 758
267 252
859 870
332 990
100 505
561 208
132 858
16 587
2 530
646 971
778 83
245 776
416 496
489 734
767 695
381 472
509 643
458 663
385 523
858 269
854 281
637 135
986 385
271 35
479 844
267 696
995 290
159 527
63 394
743 785
147 528
916 633
929 754
626 348
259 423
317 101
669 752
545 962
303 54
701 223
294 671
173 614
653 860
93 271
865 478
278 227
892 733
931 727
127 112
572 195
956 98
614 578
582 837
391 465
853 742
236 680
898 11
5 219
177 222
162 618
823 355
292 249
495 978
822 929
358 110
489 237
586 197
163 108
24 742
645 747
702 850
395 478
660 418
310 239
702 829
98 781
154 523
48 58
846 124
719 758
479 637
82 281
524 905
506 957
513 113
822 229
613 160
81 87
816 910
356 95
949 238
200 419
369 476
756 664
152 262
206 761
635 985
86 915
845 318
911 166
459 303
354 475
389 72
122 623
493 4
61 704
662 27
941 796
674 889
930 495
143 494
866 465
468 821
933 877
881 52
717 902
575 312
298 276
118 189
484 575
606 390
53 526
739 35
140 390
434 167
17 85
274 700
870 666
598 341
47 465
654 171
877 482
630 431
259 161
776 277
46 155
867 421
335 123
925 797
490 496
308 769
383 335
918 78
813 284
26 126
465 694
687 263
18 120
602 813
657 921
292 797
671 787
763 850
175 704
183 85
756 137
884 966
31 127
478 883
907 185
92 17
495 212
746 114
34 383
141 722
823 922
348 314
149 199
119 633
985 843
873 644
842 688
536 379
755 113
258 961
172 895
910 949
14 500
324 322
826 140
556 21
445 562
363 841
746 326
788 192
4 727
959 57
32 264
927 543
198 677
574 832
206 580
360 417
255 941
346 843
75 315
886 577
759 461
128 949
264 90
981 819
783 325
346 762
39 574
449 632
959 876
448 262
467 546
499 885
522 680
195 896
382 514
109 826
327 135
795 209
834 377
874 698
88 75
252 966
627 818
847 749
922 724
210 546
282 183
464 830
784 733
69 365
587 224
679 720
986 569
459 629
95 280
925 880
735 841
795 364
754 557
49 322
141 306
2 88
867 558
841 510
657 284
552 542
625 736
847 33
134 11
372 71
392 502
470 732
112 652
979 838
766 2
17 87
172 61
138 509
546 494
324 384
859 48
3 749
81 253
923 780
471 334
675 191
2 527
9 505
837 607
161 150
237 899
962 288
621 541
397 979
96 572
996 71
946 876
104 87
821 393
787 420
899 702
935 36
42 327
522 923
246 669
542 478
104 230
730 38
125 528
553 551
679 35
644 280
789 623
167 271
338 911
969 823
472 249
644 281
690 177
564 448
943 271
601 860
491 324
200 951
192 871
688 860
563 280
122 232
286 913
415 567
737 541
221 740
312 576
117 307
706 272
190 673
95 364
260 951
924 334
469 615
404 666
888 637
28 554
624 151
382 875
679 837
719 296
296 882
153 783
4 631
598 639
960 413
767 23
128 603
476 184
511 466
818 186
941 192
780 194
505 638
477 480
296 794
561 501
745 336
971 914
50 892
194 617
565 647
931 293
682 613
573 872
977 39
966 554
730 873
416 497
935 490
4 536
356 281
560 408
834 731
360 78
183 750
275 39
133 973
389 83
485 506
159 889
327 267
94 530
994 516
722 535
866 663
264 899
401 286
188 911
517 248
810 114
350 843
762 651
212 680
599 300
674 965
948 228
812 955
14 13
952 846
147 684
723 653
777 293
246 10
341 366
58 884
666 631
95 307
317 213
143 303
965 729
749 306
734 414
294 751
478 344
193 472
50 67
669 262
197 496
808 171
221 490
289 433
596 202
411 446
784 948
767 419
236 984
382 135
331 711
315 218
250 774
26 27
101 741
562 121
203 23
214 972
692 724
179 571
156 938
374 785
89 810
590 650
828 267
837 467
92 14
404 242
280 896
546 423
879 764
767 999
401 924
509 979
224 877
940 115
98 778
651 224
427 776
992 815
572 614
719 753
43 368
137 763
980 771
125 148
609 751
298 471
548 304
380 70
551 873
87 660
828 830
161 463
440 2
919 890
26 967
19 428
691 971
656 774
414 538
367 18
554 305
613 786
246 709
412 111
804 825
752 634
234 929
75 495
520 368
973 394
613 867
530 7
728 499
913 149
809 790
131 318
313 583
80 470
812 927
985 117
940 39
461 732
511 961
94 187
802 167
700 699
762 897
174 755
527 821
808 361
131 220
691 52
235 912
74 30
110 687
545 719
733 804
693 551
202 442
900 703
408 533
460 886
525 22
818 96
467 50
675 761
73 516
285 465
705 434
135 819
961 552
747 27
969 101
385 384
353 792
176 831
82 808
149 996
998 123
84 527
305 238
257 67
901 938
775 897
651 191
946 141
197 953
759 100
315 674
186 307
81 33
746 277
802 3
587 795
203 530
156 388
530 761
267 997
234 592
399 32
371 665
688 373
816 826
526 629
971 486
458 575
739 898
243 595
708 911
820 193
329 810
972 4
61 739
147 774
60 573
924 214
857 237
466 750
416 997
860 992
293 417
648 176
577 254
726 985
378 59
786 98
435 176
787 839
130 734
204 979
408 804
8 190
964 981
311 434
403 959
652 462
670 771
710 348
507 755
933 499
311 291
496 352
95 408
443 875
338 383
946 126
549 35
509 486
519 911
226 456
995 498
487 435
533 543
331 655
885 236
959 21
748 340
162 659
338 1000
554 685
611 596
823 279
923 624
463 299
596 780
699 301
115 798
131 517
831 589
79 488
889 948
922 474
564 767
340 875
604 200
966 995
169 987
414 637
722 383
979 532
466 577
711 777
471 432
536 455
654 567
629 732
685 666
890 860
998 419
879 164
601 528
639 968
934 95
541 108
742 567
670 272
963 806
711 444
214 124
159 789
240 487
739 783
332 463
243 732
708 626
657 512
546 133
735 347
621 480
990 925
540 970
999 455
584 798
696 184
668 346
565 227
231 270
268 276
951 561
888 527
505 449
131 933
580 860
969 451
568 906
930 605
357 598
638 441
325 8
571 480
98 910
205 610
644 211
334 382
64 366
598 751
240 623
774 598
36 569
357 776
358 467
890 280
991 869
336 765
633 377
304 27
90 516
880 686
538 973
461 939
428 180
366 792
957 773
519 452
595 802
204 612
855 492
876 841
366 139
229 446
629 527
542 142
284 650
878 750
585 704
107 797
825 482
458 661
495 338
176 798
712 292
817 213
669 138
119 247
928 268
711 531
593 496
577 831
80 205
243 523
730 59
469 272
598 249
852 522
542 330
181 754
934 16
222 262
830 193
902 562
657 893
105 840
877 218
627 975
942 622
587 77
240 112
207 404
544 152
874 755
268 312
783 491
666 743
550 401
504 820
356 829
305 773
468 215
787 961
61 129
790 268
131 897
230 377
73 178
187 669
884 718
336 812
558 139
727 784
233 436
149 454
552 32
894 602
844 723
852 275
207 77
829 779
913 625
275 936
741 549
949 896
427 53
968 415
253 182
185 923
352 164
872 571
245 551
193 948
323 997
350 731
362 773
745 220
538 383
965 865
38 731
977 497
544 828
747 523
986 321
716 602
937 771
829 789
137 331
599 911
711 721
109 383
219 451
536 63
96 630
24 211
412 604
228 19
66 338
11 511
158 354
215 887
873 979
90 463
897 338
440 242
95 850
521 143
471 975
772 280
631 173
65 180
265 835
269 258
492 205
305 926
657 449
284 193
985 116
344 108
610 859
477 720
946 377
216 38
737 580
630 137
153 571
209 919
587 198
979 368
671 622
925 874
235 32
757 171
887 568
247 665
112 388
762 322
656 219
123 772
325 448
58 333
990 434
481 208
760 351
478 742
858 79
179 449
304 197
323 675
585 84
822 564
478 850
489 992
461 785
651 289
452 84
806 911
558 201
384 220
875 992
849 488
58 673
390 422
708 421
358 362
583 789
290 10
842 559
711 919
465 129
910 955
241 346
773 385
393 973
285 39
824 423
761 972
902 190
171 64
542 81
325 751
307 896
906 308
241 132
232 729
477 383
636 11
368 257
518 377
688 596
247 27
270 86
791 560
118 364
251 333
70 643
915 268
757 587
209 663
100 958
191 577
880 394
313 723
924 501
374 420
13 178
549 960
400 185
734 452
644 980
147 596
459 742
526 983
890 78
856 82
296 9
645 904
66 655
32 515
735 843
373 150
13 485
399 828
566 799
348 980
923 450
359 244
70 361
975 30
580 430
447 657
895 279
24 288
817 37
570 375
58 67
845 901
25 186
978 240
279 757
766 147
509 922
590 925
646 851
120 359
410 759
305 491
399 353
684 49
501 907
964 193
756 675
630 308
833 666
579 426
356 17
638 651
226 70
272 922
241 215
403 64
521 485
78 450
109 472
881 263
114 430
356 375
159 788
857 88
61 774
63 328
857 351
161 720
769 913
347 653
994 320
976 315
237 560
122 135
70 751
454 846
151 874
722 994
910 183
799 846
175 96
750 712
236 18
735 120
114 626
886 252
356 651
360 718
435 316
218 692
437 854
387 417
406 399
45 581
687 106
579 661
467 143
639 365
346 924
352 349
4 446
942 412
653 23
601 286
568 593
328 470
460 959
819 320
754 919
81 531
244 249
262 488
759 609
548 17
609 5
573 418
334 494
64 670
874 227
508 421
89 893
465 219
506 568
242 633
689 62
91 356
556 298
206 87
274 572
690 672
106 299
859 891
772 850
257 315
45 444
640 228
215 12
20 14
979 563
711 748
192 93
14 673
76 293
494 44
712 948
23 118
795 686
100 50
962 181
363 672
91 849
838 915
259 650
208 802
852 523
948 230
53 390
324 569
540 952
482 432
479 880
308 756
626 347
596 391
133 399
100 630
675 784
507 436
70 858
752 141
550 80
183 537
844 373
147 543
386 829
867 172
460 622
303 928
452 558
530 518
123 932
389 99
139 556
191 895
503 697
398 575
274 633
294 636
387 298
939 873
232 991
719 270
222 978
637 913
895 457
469 699
258 436
41 572
371 293
36 114
479 129
137 910
724 854
893 873
452 113
680 276
555 672
422 921
318 606
858 627
240 472
674 809
474 81
979 753
431 778
713 317
141 828
91 497
572 608
846 67
394 232
188 818
934 246
976 808
726 388
817 472
573 395
229 805
971 508
5 212
359 843
530 437
342 127
270 200
994 550
132 233
939 235
941 793
912 893
842 56
490 793
215 596
878 396
260 53
99 487
429 682
605 996
65 217
276 349
397 332
507 841
754 313
791 668
367 766
243 772
379 719
950 779
429 588
66 902
13 141
195 822
226 192
173 583
464 853
641 797
473 553
754 618
408 744
814 304
524 32
877 53
631 641
410 173
70 243
552 142
112 389
23 570
439 624
206 467
939 994
615 909
852 449
504 47
361 362
602 808
396 691
952 496
369 870
581 158
647 302
253 829
624 447
309 635
741 600
408 164
82 71
275 515
505 564
884 112
261 521
262 210
465 486
528 196
106 464
298 503
517 426
875 556
768 994
327 905
132 649
24 423
354 809
410 771
696 516
125 182
396 882
494 117
278 620
464 56
863 119
68 842
513 963
143 184
520 423
994 1000
795 761
977 254
606 353
834 769
479 724
450 22
885 625
56 129
333 788
703 33
890 536
527 343
530 409
207 779
617 433
14 169
967 253
151 182
807 852
721 403
80 293
759 127
743 568
484 591
255 652
471 835
610 909
578 175
182 889
329 411
240 42
368 127
995 938
99 225
407 40
212 448
783 445
521 757
700 365
829 79
829 687
763 311
321 728
969 340
307 285
866 52
278 174
102 482
1000 786
219 642
330 233
25 381
552 106
168 339
72 701
503 903
839 553
898 29
847 34
582 213
840 308
662 221
100 464
232 580
306 547
475 248
650 652
816 156
346 151
196 182
569 564
931 189
381 238
238 329
646 848
427 906
599 848
565 672
816 902
125 233
253 404
156 447
911 580
390 173
896 34
879 49
661 238
712 247
831 178
360 85
87 130
368 576
167 42
354 559
688 275
561 539
925 845
454 530
990 608
973 366
962 193
233 523
308 499
871 320
241 48
994 750
995 155
144 735
470 347
843 991
240 360
937 278
598 62
27 266
672 197
411 107
194 281
622 841
494 246
790 661
312 724
723 754
361 853
658 123
696 186
792 717
334 896
117 304
465 823
635 447
448 3
50 459
861 945
467 142
395 925
516 131
61 314
629 409
889 351
666 419
927 344
736 419
480 97
175 532
349 396
789 264
221 214
314 1000
187 106
906 724
743 113
672 990
750 823
608 988
954 312
386 444
903 129
249 518
34 362
453 628
344 591
756 115
759 812
650 672
64 957
980 635
51 917
414 97
536 263
883 112
564 733
889 146
686 900
186 371
519 87
889 688
210 12
776 732
94 759
918 659
99 671
405 580
450 47
272 903
575 221
668 593
485 487
825 224
511 635
167 351
235 621
108 757
259 653
890 451
561 737
897 252
170 355
429 726
213 207
344 402
201 527
313 665
888 847
208 577
216 76
325 918
378 146
311 583
792 809
303 931
508 919
14 306
363 124
681 23
934 835
938 654
334 527
444 219
283 351
1000 987
819 385
178 11
396 86
325 200
681 416
700 388
244 824
838 254
283 716
838 126
804 442
589 956
970 910
273 438
980 496
547 408
443 332
311 641
940 697
7 274
245 259
447 603
784 85
968 306
272 377
732 145
646 623
467 1
297 730
559 662
859 696
490 205
788 756
571 236
220 502
719 988
582 428
875 690
959 961
91 323
52 838
935 724
168 728
372 344
711 941
547 980
215 162
462 329
764 985
549 837
471 389
640 559
501 834
668 998
410 863
473 289
533 491
863 532
850 673
742 915
381 98
837 933
694 854
971 511
876 720
241 158
594 68
462 922
278 421
639 898
147 126
981 795
181 675
130 983
479 66
743 817
284 172
251 163
825 368
222 480
425 2
563 292
318 737
624 790
302 299
106 744
491 414
784 757
14 270
951 635
628 996
335 470
178 47
364 326
239 682
19 741
430 169
123 937
970 930
109 662
53 727
311 254
719 237
631 561
563 785
656 221
897 709
515 146
735 631
686 73
780 54
486 211
788 537
214 713
356 78
625 986
481 946
495 208
336 711
504 381
50 569
963 243
376 951
432 889
489 376
698 498
663 958
686 517
599 828
916 10
518 194
672 342
320 873
449 651
546 27
698 334
650 45
101 843
144 231
842 993
261 93
209 420
530 406
52 118
660 885
674 107
350 887
226 673
463 700
890 392
217 34
234 896
143 462
809 742
166 37
523 612
84 438
303 148
804 943
326 287
436 491
41 413
355 253
528 921
545 797
86 383
91 727
717 567
460 544
375 348
985 199
511 119
458 65
520 220
574 275
481 416
927 529
501 45
526 470
92 542
490 504
313 947
926 779
429 849
123 964
432 327
647 699
236 349
855 153
277 493
758 254
117 238
955 789
616 707
362 135
589 836
702 275
577 680
623 173
908 83
418 772
221 829
19 991
404 855
462 197
106 19
572 852
591 40
810 961
633 354
689 16
836 833
996 847
231 649
859 736
769 152
642 134
145 870
920 284
618 25
674 279
927 187
965 500
988 955
888 255
742 238
724 621
319 139
505 817
626 911
238 313
2 523
64 880
324 674
107 818
7 925
509 762
755 254
797 509
78 696
574 657
77 935
280 439
247 475
105 422
712 410
713 679
787 424
695 627
314 998
720 133
351 425
815 638
51 485
569 96
910 465
803 771
682 80
39 717
26 732
866 692
834 183
372 497
564 92
731 549
715 152
188 376
804 594
52 799
400 264
442 767
692 815
49 513
714 803
877 277
99 24
437 852
810 478
338 463
821 796
710 191
892 694
126 438
74 85
576 191
743 317
623 430
71 384
537 516
611 919
721 579
404 900
961 533
157 732
709 415
710 1000
827 204
349 256
331 829
225 274
633 141
561 19
714 374
864 439
719 956
7 463
709 171
860 35
946 392
737 296
511 778
707 912
928 835
67 497
35 810
769 21
418 125
59 885
835 573
12 517
566 100
289 904
567 469
717 456
801 509
77 105
993 608
208 216
19 357
548 550
73 898
129 912
393 687
152 303
150 782
138 846
546 67
413 472
324 533
570 548
39 2
441 791
321 313
714 206
267 703
255 912
181 989
510 907
756 935
629 943
243 524
109 75
882 973
170 465
875 588
14 102
648 252
339 555
584 942
568 51
466 449
200 983
442 800
993 59
902 704
136 447
389 531
321 869
113 499
348 602
735 94
863 149
369 593
758 405
865 444
122 123
838 349
54 196
325 806
753 811
516 209
666 738
886 73
282 235
546 908
112 268
221 486
574 442
886 504
227 557
141 229
490 409
571 400
996 899
637 943
328 323
719 185
280 742
941 143
942 152
693 798
859 522
396 260
620 483
129 391
55 719
46 316
486 495
970 752
720 739
24 282
277 104
23 596
63 923
291 953
489 498
263 218
905 582
452 273
719 765
871 534
485 215
432 813
863 962
171 456
190 372
670 34
484 17
730 841
851 571
489 701
623 6
56 888
369 471
975 901
483 347
446 173
301 726
416 128
933 677
437 310
534 908
164 207
857 507
820 233
103 991
252 507
697 98
420 735
275 180
762 568
848 161
132 122
818 585
484 597
934 51
223 122
780 703
93 753
506 670
57 590
496 745
317 132
869 983
672 125
228 61
678 135
737 601
683 543
106 632
732 724
535 379
314 621
763 410
891 577
771 1
691 994
991 543
199 535
936 239
221 123
406 131
385 483
14 984
607 571
511 406
277 170
723 86
109 457
564 377
761 839
145 656
741 582
250 767
534 509
607 729
704 488
172 86
874 72
34 147
920 176
205 410
78 88
425 618
949 811
186 441
738 890
332 389
101 42
928 762
315 71
949 860
682 491
539 976
529 810
595 588
755 15
817 506
285 36
33 75
52 337
968 890
329 972
21 730
962 328
946 837
907 713
802 481
860 559
863 664
830 467
668 410
280 459
983 275
56 114
955 818
687 543
155 358
63 337
691 600
30 554
365 169
169 838
42 220
460 323
972 117
374 153
502 962
29 498
155 350
765 968
990 823
347 723
961 83
9 894
969 632
877 159
327 130
791 787
44 884
207 472
448 57
503 605
507 867
458 78
814 483
652 458
342 692
535 415
499 519
460 775
409 307
728 15
713 201
804 364
763 127
934 539
740 862
541 667
455 909
957 715
961 520
176 832
158 688
190 884
240 583
497 300
410 417
230 102
567 189
272 322
521 989
793 96
261 730
153 449
500 808
29 558
569 999
949 621
491 743
292 540
884 86
557 24
849 346
361 811
431 972
270 586
665 52
718 68
224 664
211 898
343 129
492 573
203 562
263 448
176 490
713 725
350 566
560 320
898 784
955 737
189 477
905 20
946 760
506 323
713 256
869 941
592 64
424 722
223 226
260 120
454 818
61 884
833 219
302 390
801 293
92 814
667 348
170 284
192 892
877 131
536 677
131 139
634 136
464 896
946 316
415 707
753 782
130 337
921 586
540 228
915 902
339 989
1000 993
676 484
340 39
60 1
353 9
409 271
356 916
50 43
692 590
291 815
97 795
130 115
779 622
596 34
572 27
9 503
872 805
338 129
357 931
887 756
489 251
40 267
867 734
59 739
49 67
805 540
101 319
713 181
570 278
58 98
993 901
968 69
200 175
823 985
116 835
927 815
721 908
977 26
686 578
161 181
728 819
440 508
772 625
43 41
25 550
622 303
803 627
91 233
88 349
60 643
904 361
65 819
262 631
564 275
360 849
63 666
532 369
649 59
299 766
427 453
877 69
367 798
623 417
477 599
212 292
816 778
786 23
736 918
978 815
761 453
354 117
319 937
669 714
639 556
606 319
787 899
655 771
666 624
173 608
526 28
782 906
821 672
473 978
352 475
408 655
641 935
164 244
899 123
630 67
374 653
895 101
204 31
757 95
44 497
170 820
559 434
304 334
124 839
510 44
257 856
476 68
261 880
729 588
325 377
555 788
421 854
585 13
70 455
36 371
25 671
963 392
638 10
987 286
163 880
348 300
208 423
614 19
284 964
11 132
103 538
231 545
107 991
495 412
337 86
85 656
290 452
733 976
864 801
938 488
264 759
800 537
195 449
180 299
237 838
608 294
994 963
811 251
673 254
553 644
267 589
364 591
310 557
721 138
977 800
540 813
640 400
329 817
317 304
946 640
51 476
532 277
772 260
991 144
739 843
249 475
800 965
900 96
939 394
942 543
815 279
583 987
38 468
757 996
44 913
26 388
887 353
635 392
624 871
911 657
37 4
368 165
791 895
170 615
245 161
782 870
591 52
397 188
715 385
117 103
373 13
690 193
1000 825
16 400
974 569
1000 840
358 508
695 63
45 940
541 807
871 480
818 236
582 93
874 24
982 859
434 741
59 240
789 182
595 418
505 987
192 415
358 12
127 705
563 456
444 573
604 451
947 937
901 917
870 58
304 39
110 511
770 284
561 129
870 405
319 145
230 655
241 461
499 245
918 639
555 706
65 703
64 790
48 427
858 372
864 973
421 716
258 842
902 35
280 302
962 470
180 271
697 163
608 450
654 997
726 278
506 701
164 795
807 115
385 742
649 401
613 928
134 475
68 619
52 112
53 217
751 822
683 190
354 360
469 9
830 50
354 219
528 780
670 475
269 290
861 648
218 442
683 860
830 157
511 959
781 455
622 803
814 751
630 382
761 509
657 202
431 163
624 899
398 984
40 212
558 634
226 227
467 247
840 891
344 874
3 121
518 840
577 396
373 225
509 481
974 533
478 420
316 327
217 568
16 11
415 413
845 728
607 393
465 660
728 814
213 682
280 735
651 496
55 756
743 78
125 275
89 869
516 750
524 691
561 451
64 549
728 588
244 905
697 919
570 371
219 835
176 62
784 445
459 490
219 240
755 930
632 936
686 436
488 143
633 785
399 365
57 382
409 351
599 962
894 650
453 832
739 711
24 224
302 971
727 93
750 453
539 812
206 571
85 426
433 953
669 225
15 467
420 641
574 870
441 874
578 381
651 747
903 545
844 24
203 224
269 501
754 237
598 90
639 698
643 585
610 940
331 149
888 822
152 768
467 437
70 882
566 663
418 621
50 454
892 577
452 566
658 137
553 485
112 147
610 142
259 110
558 918
540 229
524 546
924 324
106 945
586 359
326 794
688 817
568 531
443 906
649 555
887 591
980 83
156 621
828 31
975 216
451 532
657 353
89 603
165 602
538 228
80 3
231 969
32 321
849 522
2 34
581 83
927 123
380 628
624 506
618 232
729 785
215 298
825 594
385 241
777 727
708 505
858 522
616 836
642 795
665 426
480 672
893 20
144 982
113 706
848 379
811 769
171 494
764 807
671 277
855 88
413 37
136 914
627 489
294 488
445 628
974 212
217 717
213 199
316 647
137 12
284 421
323 473
346 922
441 646
955 851
29 151
470 267
454 908
826 531
8 398
635 129
431 404
913 381
566 593
966 326
482 685
331 32
62 336
134 717
47 228
697 663
479 265
541 286
438 722
165 58
151 251
834 443
101 781
887 674
191 891
340 423
148 722
24 928
421 738
539 3
575 961
390 627
857 740
643 97
292 145
420 430
480 145
614 468
301 477
374 573
729 546
254 455
475 406
229 325
683 768
940 692
745 532
332 370
965 7
201 170
791 399
760 183
172 477
889 789
167 756
253 95
100 445
851 337
375 663
836 155
379 592
324 439
16 896
625 908
664 812
607 884
410 352
854 995
214 386
710 519
676 536
147 455
864 179
681 771
48 384
823 286
987 63
517 514
938 489
149 398
851 540
766 56
873 180
717 609
485 294
349 519
426 148
209 300
972 911
77 877
543 592
681 976
341 200
33 143
9 674
611 9
687 311
687 517
464 269
765 689
859 436
734 544
421 241
648 779
264 52
104 435
348 484
895 631
753 26
860 794
96 951
943 461
691 284
537 214
944 841
541 482
467 365
378 912
711 54
883 949
676 733
139 767
657 126
736 657
532 842
516 183
121 99
28 505
819 414
982 638
817 334
923 332
687 159
121 204
128 48
549 154
589 861
999 46
512 768
395 132
641 684
490 10
418 767
112 520
801 703
921 204
426 786
888 409
676 98
35 122
474 518
527 956
25 48
7 384
944 298
543 210
469 580
970 530
310 83
936 926
298 635
996 534
577 924
910 866
31 415
971 848
827 468
669 330
802 170
340 861
513 37
200 232
573 825
206 770
924 761
739 314
602 792
774 95
885 872
744 372
232 40
584 477
643 912
920 955
167 2
522 31
319 967
782 485
588 268
533 381
368 695
756 618
868 108
831 120
155 715
216 459
656 856
15 111
308 27
502 627
647 538
372 994
602 3
198 446
697 786
535 981
238 975
167 497
432 629
763 124
104 431
676 374
877 12
199 32
40 951
539 399
443 530
351 229
178 797
195 905
416 874
550 13
722 906
118 3
523 839
780 146
544 197
199 550
258 167
533 680
515 981
205 999
553 933
192 222
546 805
654 424
666 506
831 661
44 329
172 278
546 519
230 100
948 931
827 18
521 963
371 142
871 229
54 897
185 982
975 315
764 574
2 663
81 246
355 531
50 683
536 350
605 255
955 404
354 713
155 792
906 112
979 538
983 98
414 811
271 934
163 617
115 288
480 995
11 429
739 599
66 114
462 934
506 734
177 790
571 342
939 166
782 368
730 33
877 974
934 415
989 960
207 747
468 773
490 861
843 979
626 417
497 275
62 181
356 594
145 191
225 743
8 241
456 931
837 487
700 670
576 916
403 624
761 408
636 1000
887 729
670 865
325 208
696 412
808 182
19 258
593 884
904 745
37 751
287 276
582 703
224 284
921 362
5 799
136 962
453 205
402 240
935 889
771 232
478 528
979 13
887 876
871 43
106 227
441 273
586 879
258 348
277 224
477 467
746 915
339 283
767 891
514 13
220 494
292 931
188 524
797 922
358 420
728 357
811 610
280 986
543 59
124 680
650 319
9 397
661 800
70 820
825 819
630 942
200 104
48 372
432 915
217 675
971 582
642 570
848 267
501 795
57 123
926 144
426 64
138 988
512 193
513 696
312 39
510 910
795 594
894 458
215 591
65 162
836 29
946 621
692 121
808 598
700 604
992 840
854 221
238 630
477 710
60 338
884 292
208 581
887 415
139 837
527 222
416 658
734 502
662 627
95 312
411 361
314 596
277 576
418 403
914 306
302 237
969 272
87 949
165 795
102 430
951 305
37 465
987 213
484 183
10 687
537 662
274 788
758 852
340 757
594 763
804 132
823 232
422 771
611 658
395 121
126 109
641 503
64 622
339 420
231 722
162 439
533 164
557 94
315 671
392 592
135 392
618 92
926 429
105 39
124 261
910 629
348 477
422 636
685 826
816 55
820 551
566 71
551 913
459 505
281 573
800 539
29 935
638 885
949 246
54 282
593 52
774 3
782 787
315 78
228 25
331 624
150 920
498 141
74 108
751 796
365 49
717 860
350 927
649 452
890 624
365 667
641 992
346 750
781 400
636 195
564 96
565 201
809 799
539 418
903 957
744 868
653 662
800 54
490 548
587 414
880 356
695 971
904 218
499 782
635 394
361 728
408 894
88 230
805 13
477 972
616 604
525 190
709 673
965 823
527 976
839 802
1 610
516 327
899 89
793 766
277 469
562 127
205 595
277 326
705 395
779 652
818 234
178 269
861 8
384 436
730 915
7 370
413 567
550 908
591 80
847 250
189 451
224 913
78 44
577 915
802 824
145 783
569 58
149 207
477 296
707 877
135 492
34 1
698 104
661 100
845 199
815 915
64 872
452 925
149 417
172 774
212 811
734 848
401 556
842 922
42 278
260 353
704 855
281 650
549 590
583 629
485 426
677 537
660 898
663 273
351 433
962 246
696 982
366 278
389 805
372 995
356 296
798 643
643 734
476 821
897 886
929 705
326 275
53 505
978 866
351 228
694 358
86 371
783 267
696 163
326 418
364 113
37 85
576 905
593 621
891 768
909 353
982 697
344 253
825 308
917 886
791 925
226 225
541 630
286 863
624 20
17 186
606 132
612 148
619 779
212 163
412 957
770 779
705 486
658 403
654 425
700 63
609 243
19 995
663 282
339 382
983 569
608 821
612 773
629 865
496 803
23 552
651 323
563 527
140 708
159 184
660 499
758 702
286 53
768 852
664 869
811 918
686 442
465 86
637 408
220 728
438 259
667 752
974 497
885 730
155 795
966 885
330 783
422 279
171 21
15 428
848 447
42 266
61 574
81 288
856 986
998 565
33 197
289 179
40 743
161 573
21 620
939 153
815 634
262 654
212 557
358 807
198 520
441 729
523 567
485 672
969 831
551 413
402 148
921 956
294 910
761 701
265 660
907 805
75 61
413 206
886 839
722 988
639 565
485 898
756 426
559 212
726 879
877 273
914 285
682 257
187 677
369 570
118 927
834 452
984 489
32 950
987 986
624 48
218 801
992 564
331 578
349 924
245 8
192 140
211 152
602 971
107 27
572 167
165 759
447 989
89 933
666 645
899 318
137 779
62 976
1 372
664 564
41 603
831 648
797 1000
706 863
504 475
638 130
518 233
913 543
209 621
699 10
901 767
404 230
529 591
145 838
898 284
665 63
573 670
633 499
427 860
159 301
56 514
533 240
826 106
993 523
890 921
730 718
566 120
125 136
822 22
313 6
621 616
785 912
492 540
474 51
293 605
567 340
977 168
968 67
345 262
129 517
662 850
162 274
105 390
379 99
849 87
265 470
35 968
531 975
273 835
437 752
742 677
708 605
288 128
52 985
882 856
533 708
812 947
887 489
65 82
249 429
545 872
963 553
711 191
913 268
915 330
496 114
388 330
501 727
249 286
715 9
535 738
136 306
374 486
753 521
520 152
446 930
359 455
202 398
24 930
562 414
960 883
212 219
35 354
625 582
218 948
165 747
663 124
651 132
724 126
121 167
965 116
13 295
470 119
644 607
387 718
961 757
927 456
135 551
827 236
646 608
205 656
723 47
689 195
301 253
106 87
72 219
770 388
241 708
331 938
543 137
656 291
372 43
483 528
444 890
552 611
537 209
276 35
594 482
393 841
489 272
733 557
458 801
275 365
8 528
708 253
786 547
109 376
294 31
708 780
108 560
603 916
237 212
756 528
740 189
987 351
959 795
285 894
233 565
403 495
282 740
420 554
4 937
276 726
649 84
673 334
382 668
420 953
592 154
739 221
182 919
790 598
98 190
136 351
818 679
212 426
88 120
516 34
666 595
874 734
617 501
704 374
714 871
877 473
364 300
771 500
494 987
260 631
688 549
107 82
767 798
504 690
295 835
586 886
339 409
245 448
306 324
868 364
614 502
796 615
466 126
68 478
106 169
269 673
534 151
348 126
330 465
277 182
776 858
135 201
410 504
839 413
306 569
955 167
883 273
258 692
499 24
529 535
292 587
776 978
629 942
735 220
723 297
154 628
256 886
621 782
656 670
72 469
381 181
788 491
773 831
977 470
975 583
337 951
48 430
102 753
608 342
295 122
379 205
664 87
518 86
730 984
159 680
226 89
904 341
543 566
216 461
233 529
566 509
414 638
769 541
811 390
133 158
792 702
51 317
640 750
803 874
131 501
955 935
251 322
805 275
960 762
869 614
709 977
711 903
41 17
169 100
890 230
322 538
674 743
661 987
938 688
499 922
870 703
502 275
505 45
583 222
184 726
23 524
748 232
792 917
979 277
921 623
738 244
757 136
61 385
746 667
470 448
106 890
839 918
509 367
687 290
780 64
672 601
32 188
713 432
36 208
142 506
82 146
546 517
305 177
538 929
794 471
673 654
11 995
125 839
55 506
370 488
758 703
31 381
34 179
362 836
698 154
57 274
246 814
607 991
702 589
629 563
479 956
885 729
335 696
963 99
450 338
750 345
100 438
211 887
125 965
354 553
831 9
959 68
859 208
492 479
256 421
919 698
721 215
575 52
133 97
472 748
262 655
809 232
547 559
40 631
482 308
926 250
894 837
184 182
756 878
243 853
635 87
925 743
907 804
39 104
716 172
421 701
563 921
514 596
529 113
567 729
235 80
805 196
810 607
60 29
153 869
10 806
282 3
156 616
838 20
804 396
400 954
607 345
330 311
866 837
6 698
733 436
905 775
481 866
766 762
790 975
404 897
16 314
116 395
758 846
851 88
603 136
125 323
534 95
519 649
277 238
850 224
157 584
304 132
802 927
894 233
841 995
481 749
813 380
625 788
331 897
760 13
813 125
892 970
598 961
638 18
585 486
15 975
881 783
183 261
423 282
331 679
122 653
543 37
766 182
215 148
607 930
134 90
816 13
979 587
587 842
753 339
107 900
183 499
350 924
167 998
731 43
661 268
954 774
171 112
891 417
393 14
234 656
660 980
886 740
522 981
221 795
288 282
322 158
360 853
913 481
991 184
139 921
48 946
395 344
98 483
632 848
463 992
862 641
178 848
549 687
808 487
294 71
299 912
984 168
182 827
362 407
352 641
459 679
141 143
198 64
936 105
554 952
353 41
960 127
972 161
891 553
16 455
421 624
978 367
429 37
533 607
36 153
989 109
131 679
675 69
805 939
111 692
149 983
150 368
764 642
709 15
197 827
470 349
825 414
611 741
23 595
137 563
488 812
487 550
701 307
699 134
348 296
684 466
707 883
94 955
167 821
205 66
299 133
997 998
963 170
512 274
108 787
822 243
78 355
544 931
450 154
806 551
533 501
241 263
424 993
495 382
964 407
358 898
911 168
881 375
453 918
440 11
151 743
9 26
79 533
273 669
290 533
691 579
108 727
352 865
8 429
998 988
322 277
754 304
843 633
117 720
498 626
356 532
319 608
718 57
36 618
114 546
763 179
446 637
703 687
154 364
359 405
472 327
2 296
370 942
48 411
761 199
418 559
109 767
899 91
778 159
11 651
909 174
768 932
827 813
330 335
425 593
83 13
529 859
438 249
903 289
693 893
264 392
194 988
798 408
387 408
660 473
163 131
537 402
811 543
996 529
360 307
845 884
945 806
288 583
984 828
520 377
664 186
884 285
578 960
941 690
67 93
964 213
328 655
8 525
392 428
212 821
266 333
394 262
364 536
953 13
989 727
60 865
702 432
280 417
854 351
359 791
87 356
180 442
787 402
626 214
935 58
860 897
617 297
820 202
408 568
40 668
405 586
857 331
63 34
342 781
993 405
364 845
701 458
134 761
263 927
423 224
127 510
221 613
94 269
222 454
97 934
313 192
273 52
330 943
187 554
482 226
729 163
468 49
387 154
352 730
979 423
819 78
511 194
593 781
944 909
799 513
925 838
965 809
213 596
78 549
862 419
649 668
524 792
89 591
630 679
37 407
283 633
391 160
842 262
330 498
615 63
871 145
659 993
40 930
129 450
348 242
849 435
858 908
572 33
724 516
708 385
898 972
824 766
968 558
77 238
159 472
163 925
203 600
310 311
516 927
385 395
299 205
745 45
792 122
298 783
318 458
750 457
77 929
631 478
850 611
502 662
711 550
159 655
919 693
167 176
939 155
345 202
199 227
200 707
720 10
367 601
117 630
833 301
29 288
765 630
866 479
849 637
477 590
869 520
339 533
670 571
564 90
178 941
855 613
625 28
739 20
423 761
501 233
504 579
212 380
654 79
527 199
919 377
98 103
995 975
814 401
356 691
93 288
221 363
421 377
539 138
667 113
65 263
585 984
658 788
878 907
149 623
739 323
265 333
467 4
253 555
642 288
516 281
117 204
980 206
107 426
435 595
825 543
23 872
67 584
943 939
231 965
589 755
951 460
858 651
685 160
671 989
358 456
909 984
125 307
434 568
309 700
93 789
469 527
641 395
453 637
78 106
390 102
157 361
72 415
864 171
958 613
172 170
307 693
111 87
436 966
142 180
275 448
3 977
160 768
368 611
97 225
153 288
133 51
583 575
910 661
17 538
808 827
554 323
627 267
632 627
905 59
526 933
219 204
531 977
916 222
238 795
386 608
481 550
902 920
616 167
688 532
563 416
14 104
911 922
713 935
716 66
243 816
227 407
84 500
817 961
677 377
425 952
912 582
251 506
276 26
865 634
832 365
27 13
305 675
608 231
917 940
947 253
107 104
549 17
715 361
439 533
306 350
89 813
862 379
791 165
337 661
525 121
304 323
168 320
782 600
375 923
172 330
931 911
70 425
219 993
291 44
662 45
276 344
263 50
770 386
665 104
633 284
138 296
799 29
693 570
813 520
894 405
626 751
789 23
262 121
318 260
196 245
548 354
237 543
627 171
269 864
944 255
534 676
350 721
594 371
977 121
483 496
988 671
472 286
797 447
124 85
61 612
997 296
732 597
450 957
851 737
161 438
39 90
808 791
895 187
26 892
977 948
942 838
190 43
798 682
821 203
255 515
293 290
960 115
4 939
21 787
578 464
85 64
986 829
593 757
832 427
425 11
504 524
428 906
431 37
325 994
808 452
860 901
844 258
494 767
549 979
937 113
166 365
403 941
961 875
249 169
982 515
987 919
115 720
169 296
300 582
211 229
988 507
454 315
489 558
631 665
567 945
461 550
614 500
232 690
547 445
978 738
83 253
896 530
642 10
456 9
314 422
145 883
723 442
462 402
761 873
306 646
662 299
81 142
319 156
964 71
735 517
407 755
167 984
615 478
709 753
641 157
533 423
493 298
4 587
404 365
812 418
794 949
617 14
855 28
570 156
642 737
225 905
579 70
393 69
952 468
915 200
591 695
705 748
393 214
750 12
934 375
717 893
643 762
104 260
25 122
921 933
355 149
53 454
575 321
579 898
374 2
805 460
734 290
312 687
792 761
947 23
514 14
425 769
9 578
139 543
787 559
992 555
317 900
128 731
914 470
866 959
794 128
776 395
158 555
992 777
274 968
349 388
757 7
285 612
283 570
286 399
362 17
733 62
244 29
211 332
432 431
620 912
141 521
549 412
20 686
93 816
573 518
461 812
617 686
373 880
637 691
193 986
819 954
225 489
137 607
450 398
138 701
34 177
351 231
163 783
348 273
837 691
149 337
127 417
522 404
352 993
342 354
825 900
399 153
265 221
380 128
110 105
452 208
355 834
617 379
59 330
30 366
108 634
164 804
246 744
969 851
517 137
226 860
484 644
397 315
454 820
695 878
313 532
422 214
80 505
744 784
565 270
644 147
83 539
9 668
568 397
454 214
75 143
296 176
887 292
190 684
174 817
752 233
92 586
862 98
322 751
417 957
532 782
148 827
46 222
308 861
691 629
631 577
286 600
362 104
875 304
455 879
686 25
876 885
230 437
196 365
3 48
342 779
658 582
533 938
291 51
862 702
426 726
709 41
498 62
788 728
607 654
77 431
603 683
94 789
345 847
931 240
401 941
533 140
4 941
7 85
138 388
693 598
954 34
872 743
279 897
211 567
823 836
459 465
441 62
931 21
267 982
751 38
453 815
972 785
944 908
532 25
971 459
734 894
189 394
959 122
7 537
800 721
599 195
506 766
215 730
285 776
434 450
311 776
350 822
77 678
632 739
764 480
892 301
86 220
252 716
824 53
238 907
701 497
827 985
616 311
389 907
28 93
378 22
910 39
914 90
753 962
568 609
113 355
282 976
389 540
939 899
140 406
565 403
10 330
57 676
313 786
256 285
350 557
990 19
121 238
424 240
709 713
838 487
771 42
168 245
41 777
459 566
864 519
953 1000
236 668
125 932
439 473
978 365
495 998
390 759
837 55
338 188
788 525
609 56
673 103
460 143
547 254
395 125
750 987
298 62
332 528
277 113
427 812
45 245
543 138
376 820
908 309
837 361
752 536
852 483
607 883
242 741
510 333
722 27
245 990
695 204
189 482
93 538
206 811
281 400
391 687
251 654
9 633
920 121
940 132
635 612
851 547
726 413
603 450
625 671
859 124
364 566
327 706
332 212
232 64
751 939
536 184
864 517
102 188
977 794
893 390
574 803
282 739
467 677
13 593
825 271
97 505
164 594
526 160
854 253
288 286
52 815
404 806
991 444
648 110
598 246
359 262
251 409
126 535
181 660
383 140
189 142
848 597
500 488
514 874
930 935
449 843
535 368
596 130
45 644
289 177
875 189
261 710
201 926
902 604
352 286
443 969
767 72
861 147
387 670
830 694
847 132
376 3
909 829
621 102
470 716
841 40
549 487
606 744
684 658
166 953
81 995
542 624
873 351
140 732
737 248
510 325
7 12
765 202
270 710
253 22
732 68
186 465
370 338
153 264
558 681
450 474
603 256
401 774
185 159
580 112
899 108
955 508
255 354
695 502
788 212
493 186
107 443
668 610
480 843
505 843
639 985
91 867
370 350
704 986
694 677
91 912
518 375
42 52
309 546
156 44
599 376
912 850
341 88
804 832
294 102
208 739
415 950
291 764
19 333
26 627
248 569
710 425
412 356
767 977
623 596
19 442
717 559
406 270
264 307
431 169
491 114
952 896
477 955
334 988
1000 908
72 715
681 87
719 427
387 476
830 624
396 22
330 286
316 349
980 180
214 912
278 897
230 398
452 924
360 487
365 921
268 464
664 250
282 383
675 508
24 298
131 526
577 962
869 414
28 926
693 704
750 915
508 266
609 465
167 665
613 441
101 149
251 616
253 58
270 505
77 236
314 174
102 769
275 313
385 393
519 106
522 218
959 424
64 840
360 463
52 397
34 912
163 620
898 713
369 263
650 102
65 526
768 229
254 702
826 295
294 418
544 604
289 183
899 682
960 908
973 951
946 104
783 36
843 477
130 996
718 667
958 26
317 370
209 521
104 353
678 917
19 248
38 52
442 933
259 297
458 139
369 988
740 293
582 895
822 912
277 710
739 103
448 28
156 837
303 918
308 568
330 80
687 124
965 890
307 320
112 280
443 896
316 498
706 518
600 61
729 351
74 172
849 866
704 107
853 582
361 664
125 950
500 117
799 261
128 966
906 733
870 154
529 946
733 178
367 372
22 273
188 521
427 707
284 840
653 465
516 863
977 369
831 618
873 416
646 821
907 475
752 910
173 911
389 421
712 494
637 41
216 763
432 904
517 953
76 351
646 87
29 79
802 433
87 185
308 186
898 860
596 981
722 632
139 867
472 899
845 382
574 772
262 622
545 2
859 430
109 67
310 454
226 865
647 601
619 762
35 921
123 491
930 591
180 146
678 945
846 715
173 695
249 433
789 103
861 714
166 244
691 439
814 982
87 850
625 143
143 556
293 255
471 749
829 29
120 561
943 21
892 611
491 568
145 440
166 470
796 889
359 451
344 808
821 243
573 137
117 61
728 974
676 150
516 511
921 329
207 44
339 220
178 354
344 582
59 947
850 304
11 846
876 476
897 865
438 131
77 449
24 755
406 769
174 377
414 424
586 857
400 726
37 655
737 818
177 260
395 461
513 162
141 673
354 176
792 888
712 30
788 467
555 440
93 537
702 697
298 675
464 199
337 79
745 90
893 50
737 507
555 457
593 158
798 127
600 994
678 529
915 833
256 322
629 665
742 904
122 513
673 247
102 555
985 645
475 386
593 440
725 715
686 835
235 576
26 414
912 446
739 880
180 364
523 627
252 721
240 169
41 96
304 724
249 333
1 810
330 950
661 850
481 290
505 164
605 553
335 537
44 799
339 813
804 737
971 54
588 648
457 410
335 338
10 874
835 993
549 51
182 548
290 474
809 222
847 306
157 890
174 72
35 258
105 179
866 776
139 288
196 279
433 67
786 298
118 532
908 500
417 567
944 288
375 704
497 626
43 426
867 876
159 336
50 84
206 851
383 950
872 657
465 109
266 22
278 606
988 461
896 161
971 807
76 385
354 831
742 842
91 68
313 66
8 560
405 530
670 6
119 365
825 991
613 88
405 643
209 258
4 421
160 842
267 622
643 220
271 110
223 353
650 165
821 188
270 178
754 113
156 45
730 198
380 435
808 644
152 956
763 114
122 886
456 830
14 634
809 894
905 339
122 217
710 430
360 590
566 642
550 7
170 691
154 28
212 458
286 817
69 463
929 550
27 227
369 529
615 628
579 674
585 545
718 839
476 374
684 819
922 840
596 167
136 605
486 827
838 44
732 551
742 590
74 137
25 331
923 302
504 254
267 258
969 444
736 401
809 331
426 865
745 581
339 148
729 540
622 144
732 837
823 190
292 806
993 151
280 806
308 88
135 152
366 740
309 736
794 467
413 301
108 587
971 997
614 67
26 777
124 731
15 612
641 477
23 873
755 939
42 578
651 384
263 282
216 881
931 308
698 9
94 886
777 926
355 614
963 103
34 913
298 778
413 459
454 761
716 740
589 114
368 634
668 583
569 510
493 46
220 121
351 400
394 539
12 176
972 179
759 85
894 196
88 790
913 283
109 128
511 828
573 470
539 353
79 600
226 956
620 268
412 329
195 875
1 786
23 417
305 644
602 690
876 53
313 869
978 613
689 542
890 105
734 744
123 522
197 271
861 824
616 665
339 82
787 698
918 400
117 201
352 144
177 172
44 190
866 816
941 162
154 244
15 821
839 519
702 977
349 743
443 222
797 995
12 329
543 830
453 489
291 386
413 879
239 312
867 886
258 713
187 213
119 790
45 143
860 52
37 891
884 178
465 36
68 71
917 156
354 884
831 506
870 340
484 151
157 279
159 441
306 666
55 760
521 556
405 985
523 138
617 59
45 450
319 39
33 410
822 154
589 133
293 600
111 193
704 869
119 346
565 940
222 667
384 731
761 913
613 912
74 325
952 398
716 415
203 820
20 486
591 873
262 623
801 255
75 510
772 296
22 731
59 853
887 119
248 254
207 419
75 79
541 358
526 202
13 781
458 172
222 413
494 742
387 232
657 250
910 212
687 930
818 783
908 437
602 662
732 713
79 850
335 452
363 7
326 137
26 253
892 834
614 463
999 3
110 798
540 153
19 945
758 942
121 283
489 223
310 479
862 664
996 746
814 991
927 68
310 78
930 83
115 714
676 811
419 450
662 258
1000 609
285 309
984 804
475 939
920 204
797 666
640 106
252 191
502 564
185 242
846 249
828 860
574 488
85 521
656 597
548 579
53 43
381 398
117 925
103 751
858 186
552 789
935 18
494 326
564 328
765 729
731 297
855 47
643 519
704 865
292 36
830 399
706 233
669 19
816 617
601 965
394 723
233 886
703 276
838 517
601 369
587 263
808 568
250 385
406 753
880 410
643 390
442 717
424 432
705 65
199 859
424 95
583 241
753 718
457 409
754 609
356 230
207 237
689 550
852 246
984 422
74 146
202 431
847 317
76 200
141 256
482 620
973 342
455 928
331 670
84 776
448 914
145 598
883 502
884 933
810 832
300 246
33 917
106 37
604 292
22 367
79 362
176 955
755 801
298 610
334 92
107 546
219 236
555 534
917 99
920 185
131 416
833 872
997 949
452 382
552 580
525 943
882 326
593 249
955 510
205 243
643 677
502 543
493 184
422 380
725 637
467 869
484 909
700 164
919 685
670 289
87 465
441 711
51 256
311 532
960 576
605 375
122 89
221 609
493 127
796 109
635 63
598 161
505 214
914 160
843 10
740 658
42 234
509 76
106 562
503 596
126 561
917 880
575 544
210 532
959 705
31 518
662 684
166 543
114 804
286 720
309 785
990 376
24 927
651 377
121 241
709 272
415 389
879 928
400 994
420 493
691 734
62 830
790 34
7 332
415 187
988 111
127 749
756 243
707 529
232 591
72 24
133 519
978 228
29 726
513 233
695 129
73 690
437 177
58 198
100 349
237 996
833 741
180 633
132 799
437 83
651 773
284 298
317 5
327 644
73 893
57 96
612 470
579 39
322 4
216 575
146 342
886 524
559 452
365 243
117 626
462 843
229 580
901 248
522 638
338 576
266 821
662 622
882 528
494 698
853 497
925 516
529 116
452 589
311 282
222 840
496 697
618 507
282 12
16 334
303 758
879 855
952 764
810 742
153 793
125 946
671 699
689 551
37 439
277 376
171 909
478 539
39 900
400 344
248 8
968 257
287 51
970 883
771 894
831 694
597 560
283 904
384 225
324 91
769 242
667 735
101 183
824 670
253 476
509 946
186 296
665 434
354 885
422 522
109 812
90 811
682 599
794 633
707 184
746 350
394 331
12 654
548 552
287 516
258 778
428 413
815 710
637 152
124 77
215 870
661 376
369 434
801 843
831 40
240 854
655 862
750 88
610 759
954 613
294 194
218 121
191 350
104 304
930 474
18 128
796 439
950 904
476 763
727 955
591 910
192 802
728 404
856 329
195 953
551 268
995 926
632 964
213 837
450 537
535 760
441 769
335 342
544 149
925 1000
433 490
68 433
991 379
960 453
724 422
193 426
526 404
178 62
218 783
990 161
22 109
376 379
728 976
734 138
481 192
892 920
656 236
857 541
549 383
914 684
700 253
558 7
733 412
11 832
575 20
988 160
283 916
858 724
20 865
183 247
206 12
483 649
859 802
898 506
25 894
175 896
220 751
246 875
708 84
529 804
676 522
350 725
846 254
831 366
526 760
319 90
530 647
604 820
755 128
925 443
775 343
1000 57
328 630
460 115
8 372
25 698
544 646
982 232
548 802
809 614
517 189
898 977
441 682
243 754
669 18
103 933
496 182
666 829
971 167
391 35
123 358
566 676
18 902
551 304
256 831
477 803
630 363
78 962
448 471
17 70
273 220
58 794
162 844
70 973
728 61
212 150
933 338
644 795
10 763
282 68
339 13
433 240
343 621
400 903
827 800
121 325
784 29
268 134
472 701
176 813
89 784
22 364
911 51
7 504
29 576
266 818
853 862
214 708
309 752
573 619
334 93
985 811
512 725
159 338
417 279
436 757
348 265
650 367
746 244
177 695
841 664
208 267
873 15
157 222
768 109
310 996
167 933
376 672
713 551
626 832
869 428
7 973
160 844
582 835
226 709
284 485
218 353
825 191
351 463
408 808
843 815
971 242
700 940
919 626
28 17
467 563
928 47
902 759
248 706
598 166
383 220
354 50
875 540
448 51
941 587
782 984
450 577
37 47
496 271
39 913
408 673
995 807
355 452
1000 911
729 215
457 436
240 772
4 463
445 691
282 940
248 625
782 762
764 983
230 306
919 636
312 626
13 280
475 441
662 911
184 826
6 611
79 43
672 607
88 406
732 839
699 374
628 272
865 98
59 23
701 732
205 56
103 230
668 688
969 156
637 335
181 409
707 929
176 55
932 758
662 459
719 782
632 160
500 271
449 578
964 167
837 703
453 678
293 977
55 662
37 935
43 182
405 963
524 447
531 621
664 10
114 193
557 321
405 564
635 545
307 634
113 831
158 423
556 782
924 601
997 364
986 223
534 829
756 965
777 88
407 269
32 1
520 92
52 972
694 567
608 479
455 1
246 398
139 960
75 600
412 468
459 851
705 927
772 251
131 245
499 975
158 362
155 235
127 958
220 970
359 331
931 602
179 225
696 309
491 83
952 927
221 358
94 12
813 546
743 417
713 134
452 590
364 370
849 982
520 882
917 657
746 598
502 480
328 451
438 920
476 203
117 215
126 159
555 917
404 911
675 268
859 571
932 421
310 497
944 283
853 933
286 382
297 631
954 204
662 245
332 744
611 719
585 488
162 427
698 201
423 272
564 818
86 586
379 572
153 417
492 885
789 111
901 613
27 503
155 698
506 937
693 451
287 630
698 43
989 632
495 499
959 384
962 484
176 305
108 948
768 85
552 940
682 999
636 354
820 873
311 114
470 38
695 571
163 666
259 677
114 116
371 607
303 386
379 120
234 813
422 20
52 15
476 837
97 664
637 712
448 302
359 568
531 69
803 808
553 669
105 725
173 692
725 391
179 479
971 11
761 467
897 849
980 365
644 272
390 846
895 597
658 226
52 629
239 821
259 306
919 9
830 956
634 37
89 744
69 716
722 860
629 494
871 353
302 100
361 744
602 857
490 31
611 525
597 610
103 217
128 933
791 390
484 448
26 44
49 101
893 892
125 466
932 296
639 790
646 746
794 265
537 107
552 731
974 22
152 201
232 279
237 538
698 92
475 941
208 288
742 173
779 181
312 749
770 416
551 905
404 342
578 617
877 731
954 804
459 334
132 440
263 514
121 951
488 494
724 548
401 457
698 289
807 65
848 126
42 461
940 422
262 702
892 111
368 275
640 281
200 768
809 758
493 901
114 378
598 40
543 889
123 392
783 142
460 599
383 231
693 446
43 715
961 76
688 644
874 807
531 206
190 696
882 710
477 802
192 958
250 108
433 388
682 305
424 65
672 487
892 642
490 670
914 348
473 564
300 579
525 182
999 835
250 334
844 620
923 327
943 776
306 383
491 825
41 168
828 472
701 838
410 289
693 982
218 650
179 612
736 359
719 102
303 845
248 65
567 850
789 340
520 759
747 310
875 765
505 59
573 622
357 195
694 194
567 112
626 524
309 352
414 520
862 916
167 838
685 901
499 142
30 202
12 625
824 599
676 728
529 102
388 512
931 726
306 997
222 888
545 380
525 830
142 674
623 47
91 246
440 446
739 546
521 507
542 67
75 924
235 24
165 468
42 417
685 585
39 825
670 295
138 924
394 610
587 711
627 710
555 101
873 586
621 476
380 462
921 936
868 331
227 69
834 167
874 904
411 922
187 947
539 390
761 538
613 537
248 707
320 336
265 753
35 743
827 643
867 130
498 739
84 152
467 272
140 109
909 490
178 116
676 459
525 40
166 541
739 301
605 999
429 837
875 157
433 130
549 212
897 531
295 796
81 262
225 32
633 824
690 106
767 104
418 681
510 3
2 40
738 382
975 127
373 265
605 206
609 11
918 213
278 884
366 444
140 877
489 149
842 403
326 512
112 810
999 299
675 113
604 441
917 20
721 755
188 720
730 579
806 820
953 480
523 18
410 761
604 223
413 639
537 146
958 962
206 871
590 137
205 149
931 586
225 831
890 879
172 994
432 639
721 191
26 927
498 240
81 280
262 759
640 419
604 620
809 556
441 724
924 875
88 763
913 510
218 322
958 30
948 32
516 995
39 705
902 577
598 80
856 367
639 684
70 729
493 734
477 761
264 324
356 554
985 190
948 310
531 262
550 38
610 789
113 459
791 840
848 898
959 662
50 508
508 896
288 457
809 121
256 919
187 701
867 271
995 834
697 972
165 878
114 838
193 637
430 130
271 327
917 628
116 355
634 480
62 841
304 349
627 985
461 745
244 207
707 721
944 653
223 94
943 945
563 536
681 738
849 512
852 910
197 832
131 279
182 188
439 775
672 854
15 980
327 806
243 47
427 852
301 947
765 142
23 312
551 996
988 770
782 90
24 87
691 801
854 703
967 628
665 722
868 975
280 368
854 302
397 999
90 75
788 136
574 697
686 811
191 203
860 746
238 178
756 939
905 61
302 719
514 975
17 685
753 155
725 277
592 509
489 777
476 757
147 847
494 634
904 114
902 557
764 364
565 365
80 617
961 16
598 239
231 466
782 998
820 349
549 825
455 266
377 74
878 574
153 985
10 882
248 473
680 966
455 552
23 164
904 654
465 552
401 731
11 612
880 829
782 915
248 183
727 801
983 667
148 570
349 455
25 433
631 805
55 713
710 851
414 428
92 30
561 1
779 470
600 601
636 605
141 733
271 594
886 71
612 596
208 402
315 662
443 477
7 180
341 666
840 87
664 165
544 843
665 801
251 645
536 415
366 182
734 646
601 703
565 796
626 858
788 61
665 885
96 517
333 360
313 974
191 158
780 711
470 67
897 451
972 897
294 157
503 872
944 948
247 407
599 226
678 759
506 319
898 943
574 804
941 779
127 12
30 570
415 840
990 692
679 677
782 160
804 380
839 465
986 775
370 819
296 367
813 822
601 228
951 723
881 180
330 946
978 774
151 160
100 536
84 133
249 671
820 305
677 232
843 240
740 584
389 652
84 244
502 271
106 620
396 152
182 649
365 765
520 188
792 897
852 241
729 362
479 954
515 995
239 697
809 194
331 514
103 30
271 109
468 361
148 623
535 109
315 246
875 990
527 761
34 903
550 554
20 545
884 928
192 490
562 510
111 721
323 463
263 12
180 990
966 725
994 527
954 133
500 847
600 565
970 619
332 896
427 556
674 375
379 487
56 962
21 268
388 513
82 746
465 242
29 785
546 189
820 524
821 373
381 318
399 131
946 998
263 464
581 597
588 439
788 209
694 664
692 373
237 35
74 908
323 411
234 866
542 354
17 373
324 887
522 758
227 68
600 757
389 782
701 308
204 876
813 794
87 673
515 656
114 577
516 740
981 149
715 920
526 419
249 702
268 503
731 867
951 594
295 910
335 441
361 534
533 702
625 437
348 820
595 365
745 696
28 582
638 397
196 736
549 164
275 787
442 288
315 18
439 141
487 641
44 210
483 882
500 828
546 396
799 66
729 770
569 981
110 567
534 405
56 656
708 392
949 994
327 978
975 690
274 688
711 872
347 161
494 716
387 242
643 411
203 558
510 702
164 979
533 310
848 424
461 507
372 810
467 770
29 23
947 524
480 725
8 270
597 468
801 215
86 91
797 355
569 115
591 774
616 178
299 654
857 552
677 509
513 628
53 435
381 774
365 129
359 269
299 543
799 942
643 434
203 507
260 130
613 572
744 677
601 220
553 426
58 865
493 622
39 550
724 280
740 689
366 193
706 353
890 2
800 230
620 415
141 18
217 340
952 929
791 952
250 276
349 192
791 41
409 283
684 930
22 89
957 370
687 345
945 330
71 516
864 358
607 470
10 512
286 493
641 738
895 828
441 388
263 440
408 379
745 438
192 466
512 625
749 786
127 642
845 979
955 127
97 363
426 611
278 640
120 180
598 985
769 247
474 375
310 17
537 83
868 539
806 738
12 427
479 523
579 345
138 17
267 895
397 772
113 767
935 260
848 374
962 482
177 590
508 120
485 302
925 159
928 429
105 508
18 477
290 662
113 985
994 930
636 467
13 726
868 964
255 903
950 621
293 678
872 169
431 296
380 384
972 124
778 645
943 333
52 930
56 421
754 260
682 57
791 649
350 203
148 661
652 721
52 265
324 534
627 991
134 843
856 507
305 587
658 81
37 20
4 355
662 828
978 77
458 778
616 888
622 593
888 571
301 304
953 897
655 872
757 167
170 937
120 788
562 407
836 714
563 914
288 692
328 481
454 353
130 43
662 474
767 35
625 718
554 706
171 224
334 426
965 12
804 142
664 537
261 757
763 969
712 805
223 807
866 562
728 527
158 918
751 509
415 67
357 906
461 127
686 392
301 918
431 795
806 893
557 229
85 676
376 536
785 986
309 44
682 566
612 651
133 894
542 218
546 9
747 648
695 488
758 953
113 884
954 802
242 80
152 280
371 652
375 172
360 155
751 945
555 234
26 980
885 955
309 530
377 952
178 42
640 364
659 184
218 136
290 557
972 17
941 778
300 222
899 630
312 956
579 798
194 288
549 762
832 413
882 885
776 90
5 264
174 657
673 310
490 554
991 442
424 436
743 517
869 986
620 336
911 741
737 596
801 731
344 154
798 403
277 618
994 236
334 629
904 732
466 341
891 604
904 162
400 107
888 710
576 720
127 919
454 333
754 895
61 485
430 810
317 716
88 708
870 956
441 286
456 48
510 199
315 471
448 692
710 700
676 996
77 369
518 865
557 39
353 521
162 465
606 524
24 498
727 264
285 277
893 96
402 595
544 872
48 423
93 669
342 345
635 457
220 637
940 358
51 761
143 137
733 697
459 364
425 428
208 44
281 275
910 677
352 580
165 466
7 607
1000 423
927 670
470 479
199 247
702 154
298 196
320 436
468 756
714 716
470 334
339 904
259 307
908 668
212 753
928 34
69 680
394 834
915 284
437 144
477 659
311 577
835 533
217 206
174 806
744 729
467 274
398 965
912 507
79 865
870 692
190 522
653 914
175 178
993 351
22 195
259 143
226 358
608 626
511 347
295 798
249 936
37 956
76 911
565 808
978 303
83 49
362 24
736 261
735 601
519 668
837 568
897 940
936 982
599 515
174 442
379 676
343 449
660 389
509 57
976 562
613 419
426 543
7 110
767 306
767 942
73 694
772 878
595 793
780 957
416 392
163 29
396 950
94 891
976 848
684 33
647 431
707 192
138 205
163 530
845 114
996 226
337 795
986 440
588 764
381 434
384 756
77 857
557 463
584 371
582 930
40 721
357 730
170 92
568 389
286 71
155 672
82 896
907 625
69 874
434 473
15 84
854 93
217 8
894 882
502 59
155 580
709 956
765 848
236 2
734 257
772 230
350 14
500 447
504 954
340 32
178 135
966 180
416 752
74 500
607 162
59 392
406 415
193 450
236 288
620 94
896 772
70 155
929 16
560 657
862 347
378 534
357 581
771 213
59 199
7 287
10 513
768 637
131 707
25 68
796 727
709 18
486 149
786 980
71 805
41 722
223 344
615 168
362 798
401 934
418 28
755 607
354 926
426 499
79 479
449 946
836 58
802 886
894 496
794 722
190 507
530 780
935 263
674 47
638 836
234 630
642 561
789 846
122 759
176 387
488 501
587 931
602 92
677 702
470 404
492 308
256 410
783 939
441 658
743 941
172 742
526 941
484 720
256 521
611 100
216 317
969 961
593 641
406 750
217 149
625 48
950 831
41 455
464 970
304 831
50 271
32 782
291 523
630 603
577 38
979 502
943 19
877 491
862 65
918 343
277 597
80 649
407 982
347 645
415 315
625 483
588 753
44 599
926 845
487 405
240 734
373 350
176 694
12 4
311 767
658 530
842 247
640 645
572 972
629 13
617 589
581 170
618 776
608 792
167 633
974 891
638 164
253 154
167 718
842 834
408 199
48 827
489 508
841 791
254 828
680 403
2 675
519 394
20 67
96 313
462 344
177 536
713 446
417 105
271 882
440 310
350 729
244 256
246 926
462 715
851 280
203 409
638 864
222 391
507 917
156 289
431 745
729 14
642 644
664 500
169 954
461 386
47 569
998 747
303 419
565 60
108 697
159 847
717 849
699 714
574 157
299 696
502 833
393 307
821 211
885 606
881 72
214 397
276 728
706 21
640 344
994 280
832 419
481 715
853 83
657 840
198 360
56 305
972 327
893 99
226 97
613 627
799 602
450 633
645 328
615 590
227 665
876 122
473 569
457 412
616 583
639 213
474 889
484 131
648 494
559 500
103 24
162 554
73 93
164 108
537 718
274 988
261 822
667 863
311 489
14 938
182 344
252 793
483 971
762 450
321 730
582 217
868 844
900 862
996 651
82 55
233 161
141 622
590 871
21 40
108 134
135 80
941 709
201 428
516 797
651 62
620 729
15 703
567 482
711 946
522 289
280 140
294 567
232 133
297 337
824 457
841 621
972 705
150 849
449 644
158 316
489 651
325 184
533 272
615 423
349 893
447 181
108 526
254 636
492 493
99 341
986 348
919 710
467 729
792 173
860 684
661 557
369 207
748 589
496 211
790 814
682 111
919 398
242 489
887 58
640 663
326 270
950 884
174 690
1000 725
217 205
771 316
960 174
667 511
540 103
155 3
446 518
30 833
82 526
222 233
169 483
585 555
748 17
14 757
696 396
666 300
829 176
154 504
134 282
343 611
948 738
956 53
467 621
923 292
391 266
527 686
822 554
415 384
205 620
867 579
942 115
581 209
672 595
837 103
69 13
679 944
67 926
477 249
836 256
762 486
512 919
699 507
817 84
249 634
712 894
361 80
452 844
571 37
37 833
963 220
357 117
274 776
894 292
146 542
882 276
510 557
572 568
132 605
671 292
768 77
332 132
404 265
940 331
691 887
157 47
432 626
623 76
510 783
811 62
703 996
890 733
449 273
583 594
621 667
217 877
899 659
789 273
369 26
481 928
118 447
946 746
731 276
380 382
381 659
973 495
299 640
527 89
290 820
772 80
131 360
574 220
957 204
946 351
991 332
736 887
97 963
387 3
524 576
482 159
943 126
856 400
142 283
572 340
511 24
39 945
888 545
156 97
300 631
919 86
210 644
572 886
435 557
230 871
663 109
357 580
271 860
370 721
391 255
949 689
254 39
491 915
993 181
978 419
568 815
497 675
405 144
45 137
413 869
968 484
348 350
24 444
707 897
171 737
312 503
112 953
646 812
900 385
986 379
604 190
915 957
52 360
362 576
54 266
522 72
190 218
232 108
22 969
411 648
752 754
401 370
2 487
717 172
65 781
657 577
52 61
588 223
627 643
131 422
468 813
772 421
518 705
499 157
590 961
373 872
798 593
56 278
57 579
956 697
355 290
1000 557
342 556
373 906
320 10
539 960
348 465
343 870
434 62
507 732
643 334
93 283
813 514
283 303
359 504
969 284
348 847
865 339
593 844
279 283
763 636
318 241
550 690
662 984
870 863
525 112
99 528
16 64
254 496
220 160
75 751
927 445
140 929
680 374
348 28
85 991
46 335
667 79
788 644
127 672
758 578
816 197
121 639
767 912
845 505
779 512
612 599
99 892
174 941
319 355
621 799
660 301
628 153
186 436
7 198
101 39
394 153
822 201
807 287
