3709.86875245
3823.91168245
4009.99099245
4109.05940245
4222.14346245
4335.22752245
4472.28643245
4575.29562245
4632.31708245
4731.38549245
4818.41752245
4875.43898245
5031.54009245
5134.54928245
5297.61261245
5425.70757245
5581.80868245
5638.83014245
5725.86217245
5853.92075245
5952.98916245
6109.09027245
6210.13795245
6324.18088245
6437.26494245
6565.32352245
6622.34498245
6750.40356245
6853.41275245
6910.43421245
7013.44340245
7160.51181245
7291.55230245
7422.59279245
7509.62482245
7624.65176245
7738.69469245
7841.70388245
7988.77229245
8102.81522245
8201.88363245
8348.95204245
8462.03610245
8599.09501245
8702.10420245
8888.18351245
8985.23627245
9084.30468245
9240.40579245
9368.46437245
9469.51205245
9570.55973245
9733.62306245
9896.68639245
10009.7704524
10108.8388624
10207.9072724
10264.9287324
10378.0127924
10509.0532824
10624.0802224
10780.1813324
10943.2446624
11042.3130724
11139.3658324
11302.4291624
11415.5132224
11552.5721324
11667.5990724
11770.6082624
11869.6766724
11966.7294324
12152.8087424
12283.8492324
12340.8706924
12441.9183724
12544.9275624
12707.9908924
12839.0313824
12910.0684924
12981.1056024
13095.1485324
