858
524 280
36 26
194 82
555 481
754 50
234 61
53 29
287 493
215 250
89 287
459 582
14 611
57 431
65 311
760 201
209 799
457 220
632 359
418 551
285 93
104 386
649 266
52 70
108 164
157 422
232 246
670 460
771 400
820 217
17 21
519 210
94 46
360 640
289 546
828 305
659 80
469 768
167 90
74 73
567 676
145 33
247 111
1 2
521 517
543 157
7 14
459 721
508 40
121 89
540 762
281 96
164 612
491 167
332 169
279 792
250 282
214 134
837 311
317 351
288 578
236 337
811 476
51 165
313 211
535 54
49 73
722 194
137 433
300 418
858 4
275 54
687 186
459 357
699 134
28 44
785 301
147 473
349 616
44 151
448 160
815 520
638 831
35 161
77 224
52 83
9 537
3 6
82 90
206 192
327 17
37 289
4 3
59 818
260 220
125 597
657 105
107 550
284 573
6 46
233 29
170 851
712 22
185 607
39 57
62 30
547 641
13 43
434 113
630 789
540 28
83 205
825 834
41 212
318 198
636 541
625 110
76 32
668 191
701 679
239 66
671 702
454 295
3 38
108 666
245 114
70 330
350 85
745 57
108 368
93 796
210 620
736 305
677 498
703 810
121 220
843 83
123 507
116 209
204 9
656 576
236 228
87 52
47 174
440 24
583 202
310 312
38 84
132 169
46 689
62 410
27 366
402 527
32 283
362 64
662 389
156 113
89 517
7 34
293 230
725 238
53 449
108 6
119 128
3 5
175 58
586 710
131 62
469 559
229 813
709 267
505 489
211 794
528 164
682 81
356 549
322 128
105 95
80 71
688 147
81 284
18 98
176 190
221 147
324 354
817 710
69 833
265 460
117 428
38 66
12 393
265 380
306 388
217 205
603 177
802 436
708 841
211 411
276 369
429 93
624 7
487 278
347 85
215 248
241 852
144 353
345 243
4 191
18 116
174 211
134 30
473 497
451 577
74 133
208 467
505 548
52 314
793 563
480 391
386 729
391 333
289 663
133 240
357 117
228 18
9 92
413 70
166 229
115 61
150 142
106 58
304 220
117 89
708 190
249 341
680 224
575 99
123 109
404 215
302 269
108 758
368 598
106 777
499 391
9 800
585 253
315 258
644 591
294 581
68 29
9 141
16 716
328 217
62 112
621 672
171 150
326 33
605 15
323 321
645 117
502 259
363 415
29 565
26 52
8 6
468 210
438 206
568 438
142 21
12 5
533 185
719 805
589 444
39 782
333 13
536 470
669 678
629 217
286 130
591 446
700 106
277 531
119 215
48 75
840 26
71 560
66 294
665 804
419 652
378 219
338 832
490 30
452 279
7 9
823 342
679 192
61 455
69 140
503 480
855 357
223 129
651 406
503 674
80 202
42 125
352 621
60 2
140 596
204 835
544 329
107 481
425 567
2 61
829 706
395 344
399 182
584 582
296 308
39 329
634 172
88 68
499 759
253 630
89 16
424 59
714 143
624 715
203 74
721 825
3 37
199 187
205 755
78 54
55 3
17 201
230 340
824 356
92 476
489 339
830 7
255 498
267 141
397 318
374 26
634 697
586 38
784 413
33 81
138 617
208 104
814 667
381 51
141 653
533 561
346 344
33 19
162 276
173 148
429 614
664 235
593 523
119 12
245 256
235 446
720 734
177 339
766 764
264 226
667 479
554 610
104 244
19 28
307 284
27 10
147 38
164 647
172 147
63 148
602 134
523 433
71 751
342 539
27 111
451 231
262 26
360 633
288 472
97 104
129 120
237 570
639 282
143 280
676 698
658 101
744 584
237 57
572 520
529 220
604 357
574 14
119 696
515 101
154 21
48 100
9 40
514 798
9 486
27 310
522 642
39 159
229 541
32 7
162 213
16 7
193 92
7 163
354 850
484 590
743 501
274 363
319 384
358 175
50 35
395 638
52 168
210 68
119 512
373 131
458 281
218 361
606 484
25 45
338 68
264 628
52 319
97 40
513 483
564 374
421 518
35 59
409 403
13 4
215 693
465 217
58 43
335 176
692 307
684 570
678 742
135 157
719 584
504 341
704 781
570 609
18 774
648 251
241 770
394 354
135 31
224 356
163 563
137 219
7 72
654 278
363 402
767 707
88 359
470 330
18 13
436 288
74 511
75 253
33 51
579 573
372 400
190 439
661 120
525 497
28 406
153 441
495 289
718 34
206 403
129 259
57 160
114 112
816 793
400 594
133 196
279 185
749 38
656 819
26 365
651 826
626 608
122 738
130 412
329 379
390 162
398 122
809 326
251 306
152 257
271 94
319 752
494 168
425 357
532 98
169 795
69 23
107 30
85 14
703 193
324 202
251 6
428 727
741 206
7 15
116 137
225 141
320 134
40 847
464 73
22 15
227 569
184 24
126 117
534 500
19 29
271 376
216 204
109 54
37 41
437 263
51 176
427 331
120 331
226 273
26 8
235 85
19 6
849 199
156 788
23 153
671 37
113 179
808 553
495 673
185 169
748 192
618 247
273 707
198 76
370 7
435 389
360 471
5 483
187 171
552 395
261 260
182 20
90 571
731 50
241 8
520 468
637 375
675 641
53 64
827 628
360 420
772 8
214 383
360 113
325 163
20 79
370 635
277 113
706 87
761 582
780 747
71 31
643 333
135 396
200 63
44 113
90 416
55 138
466 91
231 120
638 685
490 730
717 94
580 787
100 773
557 161
423 203
152 73
3 23
848 326
660 611
82 13
149 121
608 7
364 131
474 459
812 263
86 14
161 401
259 822
71 222
10 463
101 292
274 175
485 97
836 384
50 587
690 346
31 372
130 506
148 704
363 776
711 289
105 765
530 439
243 192
510 249
353 783
297 221
601 560
627 396
821 676
103 21
197 556
24 31
232 120
478 232
61 65
790 149
61 130
20 39
296 100
49 11
162 90
726 260
177 107
87 461
274 854
764 514
272 1
230 526
249 143
631 255
10 136
53 91
10 11
252 29
492 482
200 646
102 98
475 281
419 545
746 197
782 803
122 522
580 424
22 392
83 613
297 377
321 405
694 294
284 806
543 554
139 98
3 7
20 6
93 254
193 724
446 791
175 180
757 685
417 264
91 857
263 77
92 238
60 110
291 450
17 11
205 301
290 131
592 497
64 186
291 151
265 86
196 779
4 278
225 426
619 173
432 272
230 344
127 24
153 195
57 500
747 471
8 342
562 215
255 192
258 222
769 240
275 846
36 733
753 188
178 6
720 93
86 95
467 553
329 382
118 25
10 227
42 516
447 429
314 588
124 797
75 226
514 411
705 656
480 778
444 219
681 508
269 316
665 151
120 46
44 218
63 21
67 10
445 388
13 25
580 786
309 303
267 348
76 101
334 122
728 606
853 461
303 204
259 336
683 47
845 551
210 407
558 432
453 133
55 96
122 64
388 839
33 54
181 91
430 13
482 136
115 737
732 150
99 21
24 35
67 146
67 355
385 347
89 300
155 4
447 576
144 52
321 39
35 158
230 169
740 356
70 842
197 41
207 19
212 750
299 148
375 284
439 477
595 226
623 516
103 170
63 93
56 44
352 180
47 32
2 3
844 267
70 317
139 484
542 15
316 509
146 166
538 264
650 63
362 496
723 429
54 763
379 622
695 427
443 229
739 630
162 270
232 691
30 22
807 777
488 355
224 305
19 349
157 295
93 615
241 387
143 775
5 48
69 288
196 501
250 600
143 24
3 10
462 369
367 132
268 25
140 408
102 298
419 366
371 125
266 89
410 469
5 343
194 547
801 31
732 756
77 72
389 267
